customer,quantity,year,month
138452,1,2001,1
138452,1,2001,3
138452,1,2001,4
138452,1,2001,5
138452,1,2001,6
138452,1,2001,7
138452,1,2001,8
138452,1,2001,9
138452,1,2001,10
138452,1,2001,11
138452,1,2001,12
149826,1,2001,1
149826,1,2001,2
149826,1,2001,7
149826,1,2001,8
149826,1,2001,9
149826,1,2001,11
189472,1,2001,1
189472,1,2001,2
189472,1,2001,3
189472,1,2001,5
189472,1,2001,6
189472,1,2001,7
189472,1,2001,8
189472,1,2001,9
189472,1,2001,12
281376,1,2001,1
281376,1,2001,2
281376,1,2001,3
281376,1,2001,4
281376,1,2001,5
281376,1,2001,6
281376,1,2001,7
281376,1,2001,8
281376,1,2001,9
281376,1,2001,10
281376,1,2001,11
281376,1,2001,12
345812,1,2001,1
345812,1,2001,7
345812,1,2001,8
396485,1,2001,1
396485,1,2001,2
396485,1,2001,3
396485,1,2001,4
396485,1,2001,5
396485,1,2001,7
396485,1,2001,9
475819,1,2001,1
475819,1,2001,2
475819,1,2001,3
475819,1,2001,5
475819,1,2001,6
475819,1,2001,7
475819,1,2001,8
475819,1,2001,10
475819,1,2001,11
475819,1,2001,12
481756,1,2001,1
481756,1,2001,2
481756,1,2001,4
618524,1,2001,1
618524,1,2001,7
618524,1,2001,9
621537,1,2001,1
621537,1,2001,2
621537,1,2001,3
621537,1,2001,4
621537,1,2001,5
621537,1,2001,6
621537,1,2001,7
621537,1,2001,8
621537,1,2001,9
623547,1,2001,1
623547,1,2001,2
623547,1,2001,3
623547,1,2001,4
623547,1,2001,5
623547,1,2001,6
623547,1,2001,7
623547,1,2001,8
623547,1,2001,9
623547,1,2001,10
623547,1,2001,11
623547,1,2001,12
651843,1,2001,1
651843,1,2001,2
651843,1,2001,3
651843,1,2001,4
651843,1,2001,5
651843,1,2001,6
651843,1,2001,7
651843,1,2001,8
651843,1,2001,9
651843,1,2001,10
651843,1,2001,11
651843,1,2001,12
712658,1,2001,1
712658,1,2001,2
712658,1,2001,5
712658,1,2001,6
712658,1,2001,7
712658,1,2001,8
712658,1,2001,9
712658,1,2001,10
712658,1,2001,11
712658,1,2001,12
791362,1,2001,1
791362,1,2001,3
791362,1,2001,11
791482,1,2001,1
791482,1,2001,3
791482,1,2001,8
791482,1,2001,9
791482,1,2001,10
791482,1,2001,11
791482,1,2001,12
825174,1,2001,1
825174,1,2001,4
825174,1,2001,8
825174,1,2001,9
825174,1,2001,10
825174,1,2001,11
825174,1,2001,12
869453,1,2001,1
869453,1,2001,3
869453,1,2001,8
869453,1,2001,9
869453,1,2001,10
869453,1,2001,11
869453,1,2001,12
942587,1,2001,1
942587,1,2001,2
942587,1,2001,3
942587,1,2001,4
942587,1,2001,6
942587,1,2001,7
942587,1,2001,9
945183,1,2001,1
945183,1,2001,2
945183,1,2001,3
945183,1,2001,5
945183,1,2001,6
945183,1,2001,7
945183,1,2001,8
945183,1,2001,9
945183,1,2001,10
945183,1,2001,12
948172,1,2001,1
948172,1,2001,2
948172,1,2001,3
948172,1,2001,4
948172,1,2001,5
948172,1,2001,8
948172,1,2001,10
948172,1,2001,12
1039527,1,2001,1
1039527,1,2001,2
1039527,1,2001,3
1039527,1,2001,4
1039527,1,2001,5
1039527,1,2001,6
1039527,1,2001,7
1039527,1,2001,8
1039527,1,2001,9
1039527,1,2001,10
1039527,1,2001,11
1039527,1,2001,12
1058276,1,2001,1
1058276,1,2001,7
1058276,1,2001,8
1058276,1,2001,11
1058276,1,2001,12
1074265,1,2001,1
1074265,1,2001,2
1074265,1,2001,4
1074265,1,2001,5
1074265,1,2001,6
1074265,1,2001,7
1074265,1,2001,8
1074265,1,2001,10
1079254,1,2001,1
1079254,1,2001,5
1079254,1,2001,7
1079254,1,2001,8
1079254,1,2001,10
1084792,1,2001,1
1084792,1,2001,5
1084792,1,2001,9
1205489,1,2001,1
1205489,1,2001,3
1205489,1,2001,4
1205489,1,2001,6
1205489,1,2001,7
1205489,1,2001,8
1205489,1,2001,9
1205489,1,2001,10
1254678,1,2001,1
1254678,1,2001,2
1254678,1,2001,3
1254678,1,2001,4
1254678,1,2001,5
1254678,1,2001,6
1254678,1,2001,7
1254678,1,2001,8
1254678,1,2001,9
1254678,1,2001,10
1254678,1,2001,11
1254678,1,2001,12
1263059,1,2001,1
1263059,1,2001,4
1263059,1,2001,9
1270695,1,2001,1
1270695,1,2001,2
1270695,1,2001,4
1270695,1,2001,5
1270695,1,2001,6
1270695,1,2001,7
1270695,1,2001,8
1270695,1,2001,11
1270695,1,2001,12
1357460,1,2001,1
1357460,1,2001,2
1357460,1,2001,3
1365920,1,2001,1
1365920,1,2001,4
1365920,1,2001,7
1439607,1,2001,1
1439607,1,2001,5
1439607,1,2001,6
1439607,1,2001,7
1439607,1,2001,9
1439607,1,2001,10
1439607,1,2001,11
1439607,1,2001,12
1472093,1,2001,1
1472093,1,2001,2
1472093,1,2001,3
1472093,1,2001,4
1472093,1,2001,5
1472093,1,2001,6
1472093,1,2001,7
1472093,1,2001,8
1472093,1,2001,9
1472093,1,2001,10
1472093,1,2001,11
1472093,1,2001,12
1482973,1,2001,1
1482973,1,2001,3
1482973,1,2001,4
1482973,1,2001,6
1493860,1,2001,1
1493860,1,2001,2
1493860,1,2001,4
1493860,1,2001,5
1493860,1,2001,7
1536427,1,2001,1
1536427,1,2001,4
1536427,1,2001,6
1536427,1,2001,7
1536427,1,2001,8
1536427,1,2001,9
1536427,1,2001,10
1536427,1,2001,11
1562803,1,2001,1
1562803,1,2001,2
1562803,1,2001,3
1562803,1,2001,4
1562803,1,2001,6
1562803,1,2001,7
1562803,1,2001,8
1562803,1,2001,9
1562803,1,2001,10
1562803,1,2001,11
1562803,1,2001,12
1573064,1,2001,1
1573064,1,2001,2
1573064,1,2001,3
1573064,1,2001,4
1573064,1,2001,8
1592380,1,2001,1
1592380,1,2001,2
1592380,1,2001,3
1592380,1,2001,4
1592380,1,2001,5
1592380,1,2001,8
1592380,1,2001,9
1592380,1,2001,10
1596832,1,2001,1
1596832,1,2001,3
1596832,1,2001,4
1596832,1,2001,8
1596832,1,2001,9
1596832,1,2001,10
1596832,1,2001,11
1625873,1,2001,1
1625873,1,2001,2
1625873,1,2001,3
1625873,1,2001,4
1625873,1,2001,5
1625873,1,2001,8
1625873,1,2001,9
1625873,1,2001,10
1625873,1,2001,11
1625873,1,2001,12
1657802,1,2001,1
1657802,1,2001,2
1657802,1,2001,4
1657802,1,2001,6
1657802,1,2001,7
1657802,1,2001,8
1657802,1,2001,10
1657802,1,2001,11
1657802,1,2001,12
1703962,1,2001,1
1703962,1,2001,2
1703962,1,2001,4
1703962,1,2001,5
1703962,1,2001,6
1703962,1,2001,7
1703962,1,2001,8
1703962,1,2001,10
1703962,1,2001,11
1730659,1,2001,1
1730659,1,2001,2
1730659,1,2001,3
1730659,1,2001,7
1730659,1,2001,11
1824607,1,2001,1
1824607,1,2001,2
1824607,1,2001,3
1824607,1,2001,5
1824607,1,2001,7
1824607,1,2001,8
1824607,1,2001,9
1824607,1,2001,12
1836092,1,2001,1
1836092,1,2001,6
1836092,1,2001,9
1857290,1,2001,1
1857290,1,2001,2
1857290,1,2001,3
1857290,1,2001,4
1857290,1,2001,10
1930465,1,2001,1
1930465,1,2001,2
1930465,1,2001,3
1930465,1,2001,4
1930465,1,2001,5
1930465,1,2001,6
1930465,1,2001,7
1930465,1,2001,8
1930465,1,2001,9
1930465,1,2001,10
1932847,1,2001,1
1932847,1,2001,2
1932847,1,2001,3
1932847,1,2001,4
1932847,1,2001,5
1932847,1,2001,6
1932847,1,2001,7
1932847,1,2001,8
1932847,1,2001,9
1932847,1,2001,10
1932847,1,2001,11
1932847,1,2001,12
2037615,1,2001,1
2037615,1,2001,2
2037615,1,2001,3
2037615,1,2001,4
2037615,1,2001,7
2041798,1,2001,1
2041798,1,2001,2
2041798,1,2001,3
2041798,1,2001,4
2041798,1,2001,7
2041798,1,2001,8
2041798,1,2001,9
2041798,1,2001,10
2041798,1,2001,11
2105498,1,2001,1
2105498,1,2001,2
2105498,1,2001,4
2105498,1,2001,6
2105498,1,2001,8
2105498,1,2001,9
2105498,1,2001,10
2105498,1,2001,11
2147980,1,2001,1
2147980,1,2001,3
2147980,1,2001,4
2147980,1,2001,5
2147980,1,2001,6
2147980,1,2001,7
2147980,1,2001,8
2147980,1,2001,9
2147980,1,2001,10
2147980,1,2001,11
2147980,1,2001,12
2163458,1,2001,1
2163458,1,2001,3
2163458,1,2001,5
2163458,1,2001,6
2163458,1,2001,7
2163458,1,2001,8
2163458,1,2001,9
2163458,1,2001,10
2169345,1,2001,1
2169345,1,2001,2
2169345,1,2001,3
2169345,1,2001,4
2169345,1,2001,7
2179358,1,2001,1
2179358,1,2001,2
2179358,1,2001,4
2179358,1,2001,5
2179358,1,2001,6
2179358,1,2001,7
2179358,1,2001,8
2179358,1,2001,9
2179358,1,2001,10
2179358,1,2001,11
2179358,1,2001,12
2306157,1,2001,1
2306157,1,2001,2
2306157,1,2001,3
2306157,1,2001,4
2306157,1,2001,5
2306157,1,2001,6
2306157,1,2001,7
2306157,1,2001,12
2314975,1,2001,1
2314975,1,2001,2
2314975,1,2001,3
2314975,1,2001,4
2316904,1,2001,1
2316904,1,2001,3
2316904,1,2001,5
2341507,1,2001,1
2341507,1,2001,2
2341507,1,2001,3
2341507,1,2001,4
2341507,1,2001,5
2341507,1,2001,6
2341507,1,2001,7
2341507,1,2001,8
2341507,1,2001,9
2341507,1,2001,10
2341507,1,2001,11
2341507,1,2001,12
2341980,1,2001,1
2341980,1,2001,2
2341980,1,2001,7
2341980,1,2001,8
2346850,1,2001,1
2346850,1,2001,7
2346850,1,2001,8
2346850,1,2001,12
2370865,1,2001,1
2370865,1,2001,4
2370865,1,2001,6
2384170,1,2001,1
2384170,1,2001,4
2384170,1,2001,7
2384170,1,2001,8
2384170,1,2001,9
2384170,1,2001,11
2384170,1,2001,12
2453096,1,2001,1
2453096,1,2001,2
2453096,1,2001,3
2453096,1,2001,4
2453096,1,2001,5
2453096,1,2001,6
2453096,1,2001,7
2453096,1,2001,8
2453096,1,2001,9
2453096,1,2001,10
2453096,1,2001,11
2467318,1,2001,1
2467318,1,2001,4
2467318,1,2001,6
2467318,1,2001,7
2467318,1,2001,8
2467318,1,2001,10
2507389,1,2001,1
2507389,1,2001,4
2507389,1,2001,5
2507389,1,2001,6
2507389,1,2001,8
2507389,1,2001,11
2514096,1,2001,1
2514096,1,2001,2
2514096,1,2001,3
2514096,1,2001,4
2514096,1,2001,5
2514096,1,2001,6
2514096,1,2001,7
2514096,1,2001,8
2514096,1,2001,9
2514096,1,2001,10
2514096,1,2001,11
2514096,1,2001,12
2531984,1,2001,1
2531984,1,2001,2
2531984,1,2001,3
2531984,1,2001,4
2531984,1,2001,5
2531984,1,2001,6
2531984,1,2001,7
2531984,1,2001,8
2531984,1,2001,9
2531984,1,2001,10
2531984,1,2001,11
2531984,1,2001,12
2564791,1,2001,1
2564791,1,2001,2
2564791,1,2001,3
2564791,1,2001,4
2564791,1,2001,5
2564791,1,2001,6
2564791,1,2001,7
2564791,1,2001,8
2564791,1,2001,9
2564791,1,2001,10
2564791,1,2001,11
2564791,1,2001,12
2570613,1,2001,1
2570613,1,2001,3
2570613,1,2001,5
2570613,1,2001,7
2570613,1,2001,8
2570613,1,2001,9
2570613,1,2001,10
2570613,1,2001,11
2570613,1,2001,12
2576041,1,2001,1
2576041,1,2001,2
2576041,1,2001,3
2576041,1,2001,7
2576041,1,2001,9
2576041,1,2001,11
2649730,1,2001,1
2649730,1,2001,2
2649730,1,2001,3
2649730,1,2001,4
2649730,1,2001,5
2649730,1,2001,7
2649730,1,2001,8
2649730,1,2001,9
2649730,1,2001,10
2649730,1,2001,11
2649730,1,2001,12
2675130,1,2001,1
2675130,1,2001,2
2675130,1,2001,3
2675130,1,2001,4
2675130,1,2001,5
2675130,1,2001,6
2675130,1,2001,7
2675130,1,2001,8
2675130,1,2001,10
2675130,1,2001,11
2675130,1,2001,12
2680371,1,2001,1
2680371,1,2001,2
2680371,1,2001,4
2680371,1,2001,8
2680371,1,2001,10
2680371,1,2001,11
2691748,1,2001,1
2691748,1,2001,2
2691748,1,2001,4
2691748,1,2001,5
2691748,1,2001,7
2691748,1,2001,8
2691748,1,2001,9
2691748,1,2001,11
2735106,1,2001,1
2735106,1,2001,2
2735106,1,2001,3
2735106,1,2001,4
2735106,1,2001,5
2735106,1,2001,9
2735106,1,2001,12
2785910,1,2001,1
2785910,1,2001,2
2785910,1,2001,5
2785910,1,2001,6
2785910,1,2001,7
2785910,1,2001,8
2785910,1,2001,9
2785910,1,2001,10
2785910,1,2001,11
2785910,1,2001,12
2786104,1,2001,1
2786104,1,2001,3
2786104,1,2001,4
2786104,1,2001,7
2786104,1,2001,8
2786104,1,2001,10
2786104,1,2001,11
2786104,1,2001,12
2790146,1,2001,1
2790146,1,2001,2
2790146,1,2001,3
2790146,1,2001,5
2790146,1,2001,6
2790146,1,2001,7
2790146,1,2001,8
2790146,1,2001,9
2790146,1,2001,10
2790146,1,2001,11
2790146,1,2001,12
2847015,1,2001,1
2847015,1,2001,2
2847015,1,2001,4
2847015,1,2001,10
2854769,1,2001,1
2854769,1,2001,3
2854769,1,2001,5
2854769,1,2001,7
2861573,1,2001,1
2861573,1,2001,2
2861573,1,2001,8
2861573,1,2001,9
2861573,1,2001,10
2861573,1,2001,11
2861573,1,2001,12
2893407,1,2001,1
2893407,1,2001,2
2893407,1,2001,4
2893407,1,2001,5
2893407,1,2001,6
2893407,1,2001,7
2893407,1,2001,8
2893407,1,2001,9
2893407,1,2001,10
2893407,1,2001,11
2893407,1,2001,12
2910837,1,2001,1
2910837,1,2001,2
2910837,1,2001,3
2910837,1,2001,4
2910837,1,2001,5
2910837,1,2001,6
2910837,1,2001,7
2910837,1,2001,8
2910837,1,2001,9
2910837,1,2001,10
2910837,1,2001,11
2910837,1,2001,12
2958714,1,2001,1
2958714,1,2001,2
2958714,1,2001,3
2958714,1,2001,7
2958714,1,2001,8
2958714,1,2001,9
2958714,1,2001,12
3025478,1,2001,1
3025478,1,2001,2
3025478,1,2001,3
3025478,1,2001,4
3048256,1,2001,1
3048256,1,2001,2
3048256,1,2001,3
3048256,1,2001,4
3048256,1,2001,5
3048256,1,2001,6
3048256,1,2001,7
3048256,1,2001,8
3048256,1,2001,9
3048256,1,2001,10
3048256,1,2001,11
3048256,1,2001,12
3076584,1,2001,1
3076584,1,2001,3
3076584,1,2001,6
3076584,1,2001,7
3076584,1,2001,8
3076584,1,2001,9
3076584,1,2001,10
3076584,1,2001,11
3076584,1,2001,12
3109678,1,2001,1
3109678,1,2001,2
3109678,1,2001,4
3165789,1,2001,1
3165789,1,2001,4
3165789,1,2001,9
3165789,1,2001,10
3165789,1,2001,11
3165789,1,2001,12
3196478,1,2001,1
3196478,1,2001,2
3196478,1,2001,3
3196478,1,2001,4
3196478,1,2001,5
3196478,1,2001,6
3196478,1,2001,7
3196478,1,2001,8
3196478,1,2001,9
3196478,1,2001,10
3196478,1,2001,11
3196478,1,2001,12
3198256,1,2001,1
3198256,1,2001,4
3198256,1,2001,9
3219847,1,2001,1
3219847,1,2001,2
3219847,1,2001,3
3219847,1,2001,4
3219847,1,2001,5
3219847,1,2001,6
3219847,1,2001,7
3219847,1,2001,8
3219847,1,2001,9
3219847,1,2001,10
3219847,1,2001,11
3219847,1,2001,12
3264570,1,2001,1
3264570,1,2001,2
3264570,1,2001,3
3264570,1,2001,4
3264570,1,2001,5
3264570,1,2001,6
3264570,1,2001,7
3264570,1,2001,8
3264570,1,2001,9
3264570,1,2001,10
3264570,1,2001,11
3264570,1,2001,12
3271508,1,2001,1
3271508,1,2001,4
3271508,1,2001,6
3271508,1,2001,11
3468927,1,2001,1
3468927,1,2001,2
3468927,1,2001,3
3468927,1,2001,4
3468927,1,2001,5
3468927,1,2001,6
3468927,1,2001,7
3468927,1,2001,8
3468927,1,2001,10
3468927,1,2001,11
3468927,1,2001,12
3526018,1,2001,1
3526018,1,2001,2
3526018,1,2001,3
3526018,1,2001,4
3526018,1,2001,5
3526018,1,2001,6
3526018,1,2001,7
3526018,1,2001,8
3526018,1,2001,9
3526018,1,2001,11
3526018,1,2001,12
3576024,1,2001,1
3576024,1,2001,9
3576024,1,2001,11
3576024,1,2001,12
3581427,1,2001,1
3581427,1,2001,6
3581427,1,2001,8
3581427,1,2001,9
3695240,1,2001,1
3695240,1,2001,3
3695240,1,2001,4
3695240,1,2001,5
3816042,1,2001,1
3816042,1,2001,2
3816042,1,2001,4
3816042,1,2001,6
3816042,1,2001,8
3816042,1,2001,10
3816042,1,2001,11
3816042,1,2001,12
3854062,1,2001,1
3854062,1,2001,2
3854062,1,2001,4
3854062,1,2001,5
3854062,1,2001,6
3854062,1,2001,8
3854062,1,2001,10
3854062,1,2001,12
3920478,1,2001,1
3920478,1,2001,2
3920478,1,2001,3
3920478,1,2001,6
3920478,1,2001,7
3920478,1,2001,9
3920478,1,2001,10
3920478,1,2001,11
3920478,1,2001,12
3952680,1,2001,1
3952680,1,2001,2
3952680,1,2001,5
3952680,1,2001,6
3952680,1,2001,7
3952680,1,2001,8
3952680,1,2001,9
3952680,1,2001,11
3972816,1,2001,1
3972816,1,2001,2
3972816,1,2001,3
3972816,1,2001,7
3972816,1,2001,8
3972816,1,2001,9
3972816,1,2001,10
3972816,1,2001,11
3972816,1,2001,12
4026791,1,2001,1
4026791,1,2001,2
4026791,1,2001,3
4026791,1,2001,4
4026791,1,2001,5
4026791,1,2001,6
4026791,1,2001,7
4026791,1,2001,12
4038129,1,2001,1
4038129,1,2001,2
4038129,1,2001,3
4038129,1,2001,4
4038129,1,2001,5
4038129,1,2001,6
4038129,1,2001,7
4038129,1,2001,8
4038129,1,2001,9
4038129,1,2001,10
4038129,1,2001,11
4038129,1,2001,12
4072596,1,2001,1
4072596,1,2001,3
4072596,1,2001,6
4278690,1,2001,1
4278690,1,2001,2
4278690,1,2001,3
4278690,1,2001,4
4278690,1,2001,7
4278690,1,2001,10
4278690,1,2001,12
4305678,1,2001,1
4305678,1,2001,2
4305678,1,2001,4
4305678,1,2001,5
4305678,1,2001,6
4305678,1,2001,7
4305678,1,2001,8
4305678,1,2001,9
4305678,1,2001,10
4305678,1,2001,11
4305678,1,2001,12
4305796,1,2001,1
4305796,1,2001,2
4305796,1,2001,3
4305796,1,2001,4
4305796,1,2001,6
4305796,1,2001,7
4305796,1,2001,8
4305796,1,2001,10
4368109,1,2001,1
4368109,1,2001,2
4368109,1,2001,3
4368109,1,2001,4
4368109,1,2001,5
4368109,1,2001,6
4368109,1,2001,7
4368109,1,2001,8
4368109,1,2001,9
4368109,1,2001,10
4368109,1,2001,11
4368109,1,2001,12
4372158,1,2001,1
4372158,1,2001,2
4372158,1,2001,3
4372158,1,2001,4
4372158,1,2001,5
4372158,1,2001,6
4372158,1,2001,7
4372158,1,2001,8
4372158,1,2001,9
4372158,1,2001,10
4372158,1,2001,12
4561379,1,2001,1
4561379,1,2001,2
4561379,1,2001,3
4561379,1,2001,4
4561379,1,2001,5
4561379,1,2001,6
4561379,1,2001,7
4561379,1,2001,8
4561379,1,2001,9
4561379,1,2001,10
4561379,1,2001,11
4561379,1,2001,12
4629075,1,2001,1
4629075,1,2001,5
4629075,1,2001,9
4681592,1,2001,1
4681592,1,2001,2
4681592,1,2001,4
4681592,1,2001,8
4681592,1,2001,9
4681592,1,2001,10
4681592,1,2001,12
4720518,1,2001,1
4720518,1,2001,2
4720518,1,2001,3
4720518,1,2001,4
4720518,1,2001,5
4720518,1,2001,6
4720518,1,2001,7
4720518,1,2001,8
4720518,1,2001,9
4720518,1,2001,10
4720518,1,2001,11
4720518,1,2001,12
4751032,1,2001,1
4751032,1,2001,2
4751032,1,2001,3
4751032,1,2001,4
4751032,1,2001,5
4751032,1,2001,6
4752903,1,2001,1
4752903,1,2001,2
4752903,1,2001,3
4752903,1,2001,4
4752903,1,2001,5
4752903,1,2001,6
4752903,1,2001,7
4752903,1,2001,8
4752903,1,2001,9
4752903,1,2001,10
4752903,1,2001,11
4752903,1,2001,12
4835617,1,2001,1
4835617,1,2001,2
4835617,1,2001,3
4835617,1,2001,5
4835617,1,2001,6
4835617,1,2001,8
4835617,1,2001,9
4835617,1,2001,10
4835617,1,2001,12
4857106,1,2001,1
4857106,1,2001,4
4857106,1,2001,6
4857106,1,2001,7
4857106,1,2001,9
4857106,1,2001,10
4857106,1,2001,12
4861027,1,2001,1
4861027,1,2001,8
4861027,1,2001,9
4861027,1,2001,12
4931627,1,2001,1
4931627,1,2001,2
4931627,1,2001,3
4931627,1,2001,4
4931627,1,2001,5
4931627,1,2001,6
4931627,1,2001,7
4931627,1,2001,8
4931627,1,2001,9
4931627,1,2001,10
4931627,1,2001,11
4931627,1,2001,12
4932587,1,2001,1
4932587,1,2001,3
4932587,1,2001,4
4932587,1,2001,5
4932587,1,2001,6
4932587,1,2001,7
4932587,1,2001,8
4932587,1,2001,9
4932587,1,2001,10
4932587,1,2001,11
4932587,1,2001,12
4965023,1,2001,1
4965023,1,2001,4
4965023,1,2001,10
4970823,1,2001,1
4970823,1,2001,2
4970823,1,2001,10
4970823,1,2001,11
5032967,1,2001,1
5032967,1,2001,2
5032967,1,2001,3
5032967,1,2001,4
5032967,1,2001,5
5032967,1,2001,6
5032967,1,2001,7
5032967,1,2001,8
5032967,1,2001,9
5032967,1,2001,10
5032967,1,2001,11
5032967,1,2001,12
5038719,1,2001,1
5038719,1,2001,2
5038719,1,2001,6
5038719,1,2001,12
5069813,1,2001,1
5069813,1,2001,4
5069813,1,2001,9
5086492,1,2001,1
5086492,1,2001,2
5086492,1,2001,3
5086492,1,2001,4
5086492,1,2001,5
5086492,1,2001,7
5086492,1,2001,9
5086492,1,2001,10
5086492,1,2001,11
5094273,1,2001,1
5094273,1,2001,4
5094273,1,2001,12
5097341,1,2001,1
5097341,1,2001,2
5097341,1,2001,3
5097341,1,2001,4
5097341,1,2001,5
5097341,1,2001,8
5160732,1,2001,1
5160732,1,2001,2
5160732,1,2001,3
5160732,1,2001,4
5160732,1,2001,5
5160732,1,2001,6
5160732,1,2001,7
5160732,1,2001,8
5160732,1,2001,9
5160732,1,2001,10
5160732,1,2001,11
5160732,1,2001,12
5238749,1,2001,1
5238749,1,2001,2
5238749,1,2001,3
5238749,1,2001,4
5238749,1,2001,5
5371086,1,2001,1
5371086,1,2001,2
5371086,1,2001,5
5391486,1,2001,1
5391486,1,2001,2
5391486,1,2001,3
5391486,1,2001,4
5391486,1,2001,5
5391486,1,2001,6
5391486,1,2001,7
5391486,1,2001,8
5391486,1,2001,9
5391486,1,2001,10
5391486,1,2001,11
5391486,1,2001,12
5410728,1,2001,1
5410728,1,2001,2
5410728,1,2001,5
5410728,1,2001,9
5410728,1,2001,10
5427160,1,2001,1
5427160,1,2001,2
5427160,1,2001,3
5427160,1,2001,4
5427160,1,2001,5
5427160,1,2001,6
5427160,1,2001,7
5427160,1,2001,8
5427160,1,2001,9
5427160,1,2001,10
5427160,1,2001,11
5437091,1,2001,1
5437091,1,2001,2
5437091,1,2001,3
5437091,1,2001,4
5437091,1,2001,5
5437091,1,2001,6
5437091,1,2001,7
5437091,1,2001,8
5437091,1,2001,9
5437091,1,2001,10
5437091,1,2001,12
5439820,1,2001,1
5439820,1,2001,3
5439820,1,2001,4
5439820,1,2001,8
5439820,1,2001,9
5439820,1,2001,12
5462389,1,2001,1
5462389,1,2001,2
5462389,1,2001,3
5462389,1,2001,4
5462389,1,2001,5
5462389,1,2001,6
5462389,1,2001,7
5462389,1,2001,8
5462389,1,2001,9
5462389,1,2001,10
5462389,1,2001,11
5482691,1,2001,1
5482691,1,2001,3
5482691,1,2001,4
5482691,1,2001,5
5482691,1,2001,6
5482691,1,2001,7
5482691,1,2001,9
5482691,1,2001,10
5487126,1,2001,1
5487126,1,2001,7
5487126,1,2001,8
5487126,1,2001,9
5490271,1,2001,1
5490271,1,2001,6
5490271,1,2001,7
5490271,1,2001,9
5490271,1,2001,10
5608372,1,2001,1
5608372,1,2001,3
5608372,1,2001,4
5608372,1,2001,7
5608372,1,2001,12
5609243,1,2001,1
5609243,1,2001,2
5609243,1,2001,9
5609243,1,2001,10
5609243,1,2001,11
5639012,1,2001,1
5639012,1,2001,2
5639012,1,2001,3
5639012,1,2001,4
5639012,1,2001,5
5639012,1,2001,6
5639012,1,2001,7
5639012,1,2001,8
5639012,1,2001,9
5639012,1,2001,10
5639012,1,2001,11
5639012,1,2001,12
5672894,1,2001,1
5672894,1,2001,2
5672894,1,2001,3
5672894,1,2001,4
5672894,1,2001,5
5672894,1,2001,6
5672894,1,2001,7
5672894,1,2001,8
5672894,1,2001,11
5672894,1,2001,12
5674890,1,2001,1
5674890,1,2001,2
5674890,1,2001,5
5769308,1,2001,1
5769308,1,2001,5
5769308,1,2001,10
5769308,1,2001,12
5792860,1,2001,1
5792860,1,2001,2
5792860,1,2001,3
5792860,1,2001,5
5792860,1,2001,6
5792860,1,2001,7
5792860,1,2001,8
5802716,1,2001,1
5802716,1,2001,2
5802716,1,2001,3
5802716,1,2001,4
5802716,1,2001,5
5802716,1,2001,6
5802716,1,2001,7
5802716,1,2001,11
5802716,1,2001,12
5906372,1,2001,1
5906372,1,2001,2
5906372,1,2001,3
5906372,1,2001,4
5906372,1,2001,5
5906372,1,2001,6
5906372,1,2001,7
5906372,1,2001,9
5906372,1,2001,11
5932467,1,2001,1
5932467,1,2001,2
5932467,1,2001,4
5932467,1,2001,5
5932467,1,2001,6
5932467,1,2001,7
5932467,1,2001,8
5932467,1,2001,9
5932467,1,2001,10
5932467,1,2001,11
5932467,1,2001,12
5940873,1,2001,1
5940873,1,2001,2
5940873,1,2001,3
5940873,1,2001,4
5940873,1,2001,5
5940873,1,2001,6
5940873,1,2001,7
5940873,1,2001,8
5940873,1,2001,10
5946180,1,2001,1
5946180,1,2001,7
5946180,1,2001,11
5960718,1,2001,1
5960718,1,2001,2
5960718,1,2001,3
5960718,1,2001,4
5960718,1,2001,5
5960718,1,2001,6
5960718,1,2001,7
5960718,1,2001,8
5960718,1,2001,9
5960718,1,2001,10
5960718,1,2001,11
5960718,1,2001,12
6014957,1,2001,1
6014957,1,2001,2
6014957,1,2001,3
6014957,1,2001,5
6014957,1,2001,6
6014957,1,2001,7
6014957,1,2001,8
6014957,1,2001,9
6014957,1,2001,10
6014957,1,2001,11
6014957,1,2001,12
6028475,1,2001,1
6028475,1,2001,2
6028475,1,2001,3
6028475,1,2001,4
6028475,1,2001,5
6028475,1,2001,6
6028475,1,2001,7
6028475,1,2001,8
6028475,1,2001,9
6028475,1,2001,10
6028475,1,2001,11
6028475,1,2001,12
6032584,1,2001,1
6032584,1,2001,2
6032584,1,2001,3
6032584,1,2001,5
6032584,1,2001,6
6032584,1,2001,7
6032584,1,2001,8
6032584,1,2001,9
6032584,1,2001,10
6032584,1,2001,12
6071528,1,2001,1
6071528,1,2001,2
6071528,1,2001,3
6071528,1,2001,5
6071528,1,2001,6
6071528,1,2001,7
6071528,1,2001,8
6071528,1,2001,9
6071528,1,2001,10
6071528,1,2001,11
6071528,1,2001,12
6071982,1,2001,1
6071982,1,2001,3
6071982,1,2001,5
6071982,1,2001,6
6071982,1,2001,7
6071982,1,2001,8
6071982,1,2001,9
6071982,1,2001,10
6071982,1,2001,12
6187350,1,2001,1
6187350,1,2001,8
6187350,1,2001,9
6230591,1,2001,1
6230591,1,2001,2
6230591,1,2001,3
6230591,1,2001,4
6230591,1,2001,5
6230591,1,2001,6
6230591,1,2001,7
6230591,1,2001,8
6230591,1,2001,9
6230591,1,2001,10
6230591,1,2001,11
6230591,1,2001,12
6243150,1,2001,1
6243150,1,2001,2
6243150,1,2001,3
6243150,1,2001,4
6243150,1,2001,5
6243150,1,2001,6
6243150,1,2001,7
6243150,1,2001,8
6243150,1,2001,10
6243150,1,2001,11
6243150,1,2001,12
6279850,1,2001,1
6279850,1,2001,2
6279850,1,2001,3
6279850,1,2001,4
6279850,1,2001,5
6279850,1,2001,6
6279850,1,2001,7
6279850,1,2001,8
6279850,1,2001,9
6279850,1,2001,10
6279850,1,2001,11
6279850,1,2001,12
6298410,1,2001,1
6298410,1,2001,5
6298410,1,2001,6
6298410,1,2001,9
6298410,1,2001,10
6298410,1,2001,12
6329071,1,2001,1
6329071,1,2001,2
6329071,1,2001,3
6329071,1,2001,4
6329071,1,2001,5
6329071,1,2001,6
6329071,1,2001,8
6329071,1,2001,9
6329071,1,2001,10
6420875,1,2001,1
6420875,1,2001,2
6420875,1,2001,3
6420875,1,2001,4
6435018,1,2001,1
6435018,1,2001,3
6435018,1,2001,4
6435018,1,2001,5
6435018,1,2001,6
6435018,1,2001,7
6435018,1,2001,9
6435018,1,2001,11
6530784,1,2001,1
6530784,1,2001,2
6530784,1,2001,3
6530784,1,2001,4
6530784,1,2001,5
6530784,1,2001,6
6530784,1,2001,7
6530784,1,2001,8
6530784,1,2001,9
6530784,1,2001,10
6530784,1,2001,11
6530784,1,2001,12
6531924,1,2001,1
6531924,1,2001,2
6531924,1,2001,4
6531924,1,2001,12
6540273,1,2001,1
6540273,1,2001,2
6540273,1,2001,4
6540273,1,2001,5
6540273,1,2001,6
6540273,1,2001,7
6540273,1,2001,8
6540273,1,2001,9
6540273,1,2001,10
6540273,1,2001,11
6540273,1,2001,12
6751084,1,2001,1
6751084,1,2001,2
6751084,1,2001,3
6751084,1,2001,4
6751084,1,2001,5
6751084,1,2001,6
6751084,1,2001,7
6751084,1,2001,8
6751084,1,2001,9
6751084,1,2001,10
6751084,1,2001,11
6751084,1,2001,12
6812475,1,2001,1
6812475,1,2001,3
6812475,1,2001,5
6812475,1,2001,7
6812475,1,2001,8
6812475,1,2001,10
6812475,1,2001,11
6812475,1,2001,12
6831729,1,2001,1
6831729,1,2001,2
6831729,1,2001,9
6831729,1,2001,11
6849537,1,2001,1
6849537,1,2001,5
6849537,1,2001,9
6849537,1,2001,11
6849537,1,2001,12
6890423,1,2001,1
6890423,1,2001,3
6890423,1,2001,5
6890423,1,2001,6
6890423,1,2001,7
6890423,1,2001,9
6890423,1,2001,11
6890423,1,2001,12
6912387,1,2001,1
6912387,1,2001,2
6912387,1,2001,3
6912387,1,2001,4
6912387,1,2001,5
6912387,1,2001,6
6912387,1,2001,7
6912387,1,2001,8
6912387,1,2001,9
6912387,1,2001,11
6912387,1,2001,12
6912537,1,2001,1
6912537,1,2001,5
6912537,1,2001,6
6912537,1,2001,7
6912537,1,2001,8
6912537,1,2001,9
6912537,1,2001,10
6912537,1,2001,11
6912537,1,2001,12
6913720,1,2001,1
6913720,1,2001,2
6913720,1,2001,3
6913720,1,2001,4
6913720,1,2001,9
6913720,1,2001,10
6913720,1,2001,11
6913720,1,2001,12
6918540,1,2001,1
6918540,1,2001,2
6918540,1,2001,3
6918540,1,2001,5
6937014,1,2001,1
6937014,1,2001,2
6937014,1,2001,3
6937014,1,2001,4
6937014,1,2001,5
6937014,1,2001,6
6937014,1,2001,7
6937014,1,2001,8
6937014,1,2001,9
6937014,1,2001,10
6937014,1,2001,11
6937014,1,2001,12
6945783,1,2001,1
6945783,1,2001,2
6945783,1,2001,3
6945783,1,2001,5
7094831,1,2001,1
7094831,1,2001,3
7094831,1,2001,4
7094831,1,2001,5
7094831,1,2001,6
7094831,1,2001,7
7094831,1,2001,8
7094831,1,2001,9
7094831,1,2001,11
7095432,1,2001,1
7095432,1,2001,2
7095432,1,2001,3
7095432,1,2001,4
7095432,1,2001,5
7095432,1,2001,7
7095432,1,2001,11
7146095,1,2001,1
7146095,1,2001,2
7146095,1,2001,3
7146095,1,2001,4
7146095,1,2001,5
7146095,1,2001,6
7146095,1,2001,7
7146095,1,2001,8
7146095,1,2001,9
7146095,1,2001,10
7146095,1,2001,11
7146095,1,2001,12
7180263,1,2001,1
7180263,1,2001,2
7180263,1,2001,5
7180263,1,2001,6
7180263,1,2001,7
7180263,1,2001,8
7180263,1,2001,9
7180263,1,2001,10
7180263,1,2001,11
7180263,1,2001,12
7186503,1,2001,1
7186503,1,2001,3
7186503,1,2001,7
7186503,1,2001,9
7186503,1,2001,11
7213840,1,2001,1
7213840,1,2001,2
7213840,1,2001,5
7213840,1,2001,6
7213840,1,2001,7
7213840,1,2001,8
7213840,1,2001,9
7213840,1,2001,11
7213840,1,2001,12
7241503,1,2001,1
7241503,1,2001,2
7241503,1,2001,4
7294501,1,2001,1
7294501,1,2001,2
7294501,1,2001,3
7294501,1,2001,4
7294501,1,2001,5
7294501,1,2001,6
7294501,1,2001,7
7294501,1,2001,8
7294501,1,2001,9
7294501,1,2001,10
7294501,1,2001,12
7318450,1,2001,1
7318450,1,2001,2
7318450,1,2001,3
7318450,1,2001,4
7318450,1,2001,5
7318450,1,2001,6
7318450,1,2001,7
7318450,1,2001,8
7318450,1,2001,9
7318450,1,2001,10
7318450,1,2001,11
7318450,1,2001,12
7365019,1,2001,1
7365019,1,2001,2
7365019,1,2001,8
7365019,1,2001,11
7395102,1,2001,1
7395102,1,2001,6
7395102,1,2001,8
7396201,1,2001,1
7396201,1,2001,2
7396201,1,2001,3
7396201,1,2001,7
7396201,1,2001,8
7396201,1,2001,9
7396201,1,2001,10
7396201,1,2001,12
7405382,1,2001,1
7405382,1,2001,2
7405382,1,2001,4
7405382,1,2001,6
7405382,1,2001,12
7432806,1,2001,1
7432806,1,2001,2
7432806,1,2001,3
7432806,1,2001,6
7432806,1,2001,7
7432806,1,2001,10
7453921,1,2001,1
7453921,1,2001,2
7453921,1,2001,4
7453921,1,2001,5
7453921,1,2001,6
7453921,1,2001,7
7453921,1,2001,8
7453921,1,2001,9
7453921,1,2001,10
7453921,1,2001,11
7453921,1,2001,12
7456309,1,2001,1
7456309,1,2001,3
7456309,1,2001,10
7461358,1,2001,1
7461358,1,2001,3
7461358,1,2001,4
7461358,1,2001,5
7461358,1,2001,6
7461358,1,2001,7
7461358,1,2001,8
7461358,1,2001,9
7461358,1,2001,10
7461358,1,2001,11
7461358,1,2001,12
7493251,1,2001,1
7493251,1,2001,3
7493251,1,2001,7
7506293,1,2001,1
7506293,1,2001,4
7506293,1,2001,8
7506293,1,2001,9
7506293,1,2001,10
7506293,1,2001,12
7519803,1,2001,1
7519803,1,2001,2
7519803,1,2001,3
7519803,1,2001,5
7519803,1,2001,6
7519803,1,2001,7
7519803,1,2001,8
7519803,1,2001,9
7519803,1,2001,11
7519803,1,2001,12
7591826,1,2001,1
7591826,1,2001,2
7591826,1,2001,3
7591826,1,2001,5
7591826,1,2001,7
7591826,1,2001,8
7591826,1,2001,10
7591826,1,2001,11
7591826,1,2001,12
7652409,1,2001,1
7652409,1,2001,2
7652409,1,2001,3
7652409,1,2001,4
7694215,1,2001,1
7694215,1,2001,2
7694215,1,2001,3
7694215,1,2001,4
7694215,1,2001,6
7694215,1,2001,7
7694215,1,2001,10
7694215,1,2001,12
7805369,1,2001,1
7805369,1,2001,2
7805369,1,2001,3
7805369,1,2001,4
7805369,1,2001,5
7805369,1,2001,6
7805369,1,2001,8
7805369,1,2001,9
7805369,1,2001,10
7805369,1,2001,11
7805369,1,2001,12
7829345,1,2001,1
7829345,1,2001,2
7829345,1,2001,3
7829345,1,2001,4
7829345,1,2001,5
7842051,1,2001,1
7842051,1,2001,2
7842051,1,2001,3
7842051,1,2001,4
7842051,1,2001,5
7842051,1,2001,6
7842051,1,2001,7
7842051,1,2001,8
7842051,1,2001,9
7842051,1,2001,10
7842051,1,2001,11
7842051,1,2001,12
7851932,1,2001,1
7851932,1,2001,2
7851932,1,2001,6
7851932,1,2001,9
7851932,1,2001,10
7851932,1,2001,11
7908245,1,2001,1
7908245,1,2001,2
7908245,1,2001,3
7908245,1,2001,5
7908245,1,2001,6
7908245,1,2001,7
7908245,1,2001,8
7908245,1,2001,9
7908245,1,2001,10
7908245,1,2001,11
7940126,1,2001,1
7940126,1,2001,2
7940126,1,2001,3
7945021,1,2001,1
7945021,1,2001,2
7945021,1,2001,3
7945021,1,2001,4
7945021,1,2001,5
7945021,1,2001,6
7945021,1,2001,7
7945021,1,2001,8
7945021,1,2001,9
8032761,1,2001,1
8032761,1,2001,2
8032761,1,2001,3
8032761,1,2001,4
8032761,1,2001,5
8032761,1,2001,6
8032761,1,2001,7
8032761,1,2001,8
8032761,1,2001,9
8032761,1,2001,11
8032761,1,2001,12
8057641,1,2001,1
8057641,1,2001,2
8057641,1,2001,9
8150329,1,2001,1
8150329,1,2001,2
8150329,1,2001,3
8150329,1,2001,4
8150329,1,2001,5
8150329,1,2001,6
8150329,1,2001,7
8150329,1,2001,8
8150329,1,2001,9
8150329,1,2001,10
8150329,1,2001,11
8150329,1,2001,12
8210354,1,2001,1
8210354,1,2001,2
8210354,1,2001,3
8210354,1,2001,4
8210354,1,2001,5
8210354,1,2001,6
8210354,1,2001,7
8210354,1,2001,8
8210354,1,2001,9
8254107,1,2001,1
8254107,1,2001,2
8254107,1,2001,6
8254107,1,2001,7
8254107,1,2001,9
8254107,1,2001,10
8260954,1,2001,1
8260954,1,2001,2
8260954,1,2001,3
8260954,1,2001,4
8260954,1,2001,12
8304912,1,2001,1
8304912,1,2001,2
8304912,1,2001,3
8342971,1,2001,1
8342971,1,2001,2
8342971,1,2001,4
8342971,1,2001,6
8342971,1,2001,7
8345219,1,2001,1
8345219,1,2001,2
8345219,1,2001,7
8345219,1,2001,8
8345219,1,2001,10
8345219,1,2001,11
8345219,1,2001,12
8351709,1,2001,1
8351709,1,2001,4
8351709,1,2001,5
8351709,1,2001,6
8351709,1,2001,7
8351709,1,2001,8
8351709,1,2001,9
8351709,1,2001,10
8351709,1,2001,11
8367290,1,2001,1
8367290,1,2001,6
8367290,1,2001,7
8367290,1,2001,8
8367290,1,2001,9
8379546,1,2001,1
8379546,1,2001,7
8379546,1,2001,9
8419037,1,2001,1
8419037,1,2001,3
8419037,1,2001,4
8419037,1,2001,5
8419037,1,2001,6
8430159,1,2001,1
8430159,1,2001,2
8430159,1,2001,3
8430159,1,2001,5
8430159,1,2001,7
8430159,1,2001,8
8430159,1,2001,11
8432159,1,2001,1
8432159,1,2001,2
8432159,1,2001,3
8432159,1,2001,4
8432159,1,2001,5
8432159,1,2001,6
8432159,1,2001,7
8432159,1,2001,8
8432159,1,2001,9
8432159,1,2001,10
8432159,1,2001,11
8432159,1,2001,12
8543970,1,2001,1
8543970,1,2001,2
8543970,1,2001,5
8543970,1,2001,6
8543970,1,2001,7
8543970,1,2001,9
8572143,1,2001,1
8572143,1,2001,2
8572143,1,2001,3
8572143,1,2001,4
8572143,1,2001,5
8572143,1,2001,6
8572143,1,2001,7
8572143,1,2001,8
8572143,1,2001,9
8572143,1,2001,10
8572143,1,2001,11
8572143,1,2001,12
8624501,1,2001,1
8624501,1,2001,2
8624501,1,2001,3
8652314,1,2001,1
8652314,1,2001,2
8652314,1,2001,8
8732045,1,2001,1
8732045,1,2001,2
8732045,1,2001,4
8732045,1,2001,5
8732045,1,2001,6
8732045,1,2001,7
8732045,1,2001,9
8732045,1,2001,10
8761903,1,2001,1
8761903,1,2001,3
8761903,1,2001,5
8761903,1,2001,6
8761903,1,2001,7
8761903,1,2001,10
8962501,1,2001,1
8962501,1,2001,3
8962501,1,2001,4
8962501,1,2001,5
8962501,1,2001,8
8962501,1,2001,9
8962501,1,2001,10
8962501,1,2001,11
8962501,1,2001,12
9067812,1,2001,1
9067812,1,2001,2
9067812,1,2001,4
9067812,1,2001,5
9067812,1,2001,6
9067812,1,2001,7
9067812,1,2001,10
9127058,1,2001,1
9127058,1,2001,2
9127058,1,2001,3
9127058,1,2001,4
9127058,1,2001,6
9127058,1,2001,7
9127058,1,2001,8
9127058,1,2001,9
9147520,1,2001,1
9147520,1,2001,2
9147520,1,2001,3
9147520,1,2001,4
9147520,1,2001,5
9147520,1,2001,6
9147520,1,2001,7
9147520,1,2001,8
9147520,1,2001,9
9147520,1,2001,10
9147520,1,2001,11
9147520,1,2001,12
9157624,1,2001,1
9157624,1,2001,3
9157624,1,2001,4
9157624,1,2001,5
9157624,1,2001,8
9157624,1,2001,9
9160753,1,2001,1
9160753,1,2001,3
9160753,1,2001,5
9160753,1,2001,7
9160753,1,2001,8
9162035,1,2001,1
9162035,1,2001,2
9162035,1,2001,3
9215804,1,2001,1
9215804,1,2001,2
9215804,1,2001,3
9215804,1,2001,4
9215804,1,2001,5
9215804,1,2001,6
9215804,1,2001,7
9215804,1,2001,8
9215804,1,2001,9
9215804,1,2001,10
9215804,1,2001,11
9215804,1,2001,12
9217658,1,2001,1
9217658,1,2001,2
9217658,1,2001,4
9230746,1,2001,1
9230746,1,2001,2
9230746,1,2001,3
9230746,1,2001,4
9230746,1,2001,5
9230746,1,2001,6
9230746,1,2001,7
9230746,1,2001,8
9230746,1,2001,9
9230746,1,2001,10
9230746,1,2001,11
9230746,1,2001,12
9307654,1,2001,1
9307654,1,2001,2
9307654,1,2001,3
9307654,1,2001,4
9307654,1,2001,5
9307654,1,2001,6
9307654,1,2001,7
9307654,1,2001,8
9307654,1,2001,9
9307654,1,2001,10
9307654,1,2001,11
9307654,1,2001,12
9372806,1,2001,1
9372806,1,2001,3
9372806,1,2001,4
9372806,1,2001,5
9372806,1,2001,6
9372806,1,2001,8
9372806,1,2001,9
9372806,1,2001,10
9372806,1,2001,12
9432510,1,2001,1
9432510,1,2001,2
9432510,1,2001,5
9432510,1,2001,10
9432510,1,2001,12
9467283,1,2001,1
9467283,1,2001,2
9467283,1,2001,3
9467283,1,2001,4
9467283,1,2001,5
9467283,1,2001,6
9467283,1,2001,7
9467283,1,2001,8
9467283,1,2001,9
9467283,1,2001,10
9467283,1,2001,11
9467283,1,2001,12
9467831,1,2001,1
9467831,1,2001,2
9467831,1,2001,3
9467831,1,2001,4
9478560,1,2001,1
9478560,1,2001,6
9478560,1,2001,8
9478560,1,2001,9
9478560,1,2001,10
9478560,1,2001,11
9541873,1,2001,1
9541873,1,2001,2
9541873,1,2001,3
9541873,1,2001,8
9547821,1,2001,1
9547821,1,2001,4
9547821,1,2001,5
9547821,1,2001,6
9547821,1,2001,11
9586123,1,2001,1
9586123,1,2001,2
9586123,1,2001,7
9614258,1,2001,1
9614258,1,2001,3
9614258,1,2001,4
9614258,1,2001,5
9614258,1,2001,6
9614258,1,2001,8
9614258,1,2001,9
9614258,1,2001,10
9614258,1,2001,12
9651824,1,2001,1
9651824,1,2001,2
9651824,1,2001,3
9651824,1,2001,4
9651824,1,2001,5
9651824,1,2001,6
9651824,1,2001,7
9651824,1,2001,8
9651824,1,2001,9
9651824,1,2001,11
9651824,1,2001,12
9678013,1,2001,1
9678013,1,2001,4
9678013,1,2001,5
9678013,1,2001,7
9678013,1,2001,8
9678013,1,2001,10
9740281,1,2001,1
9740281,1,2001,2
9740281,1,2001,3
9740281,1,2001,4
9740281,1,2001,6
9740281,1,2001,7
9740281,1,2001,8
9740281,1,2001,9
9740281,1,2001,10
9740281,1,2001,11
9740281,1,2001,12
9761802,1,2001,1
9761802,1,2001,3
9761802,1,2001,4
9761802,1,2001,6
9761802,1,2001,8
9761802,1,2001,10
9761802,1,2001,12
9814502,1,2001,1
9814502,1,2001,2
9814502,1,2001,3
9814502,1,2001,7
9814502,1,2001,8
9814502,1,2001,11
9814502,1,2001,12
9845163,1,2001,1
9845163,1,2001,2
9845163,1,2001,6
9845163,1,2001,8
9845163,1,2001,11
9856723,1,2001,1
9856723,1,2001,3
9856723,1,2001,4
9856723,1,2001,5
9856723,1,2001,6
9856723,1,2001,7
9856723,1,2001,10
178625,1,2001,7
178625,1,2001,8
178625,1,2001,10
178625,1,2001,12
218736,1,2001,3
218736,1,2001,9
218736,1,2001,10
289165,1,2001,2
289165,1,2001,4
289165,1,2001,6
289165,1,2001,7
289165,1,2001,8
289165,1,2001,9
289165,1,2001,10
289165,1,2001,12
326178,1,2001,5
326178,1,2001,6
326178,1,2001,7
326178,1,2001,8
326178,1,2001,9
326178,1,2001,10
326178,1,2001,11
326178,1,2001,12
361425,1,2001,5
361425,1,2001,9
361425,1,2001,10
489573,1,2001,7
489573,1,2001,8
489573,1,2001,9
489573,1,2001,10
489573,1,2001,11
489573,1,2001,12
491256,1,2001,6
491256,1,2001,7
491256,1,2001,8
491256,1,2001,9
491256,1,2001,10
491256,1,2001,11
497132,1,2001,7
497132,1,2001,8
497132,1,2001,10
497132,1,2001,11
497132,1,2001,12
518427,1,2001,5
518427,1,2001,7
518427,1,2001,10
518427,1,2001,11
564139,1,2001,9
564139,1,2001,10
564139,1,2001,11
564139,1,2001,12
592683,1,2001,4
592683,1,2001,5
592683,1,2001,8
592683,1,2001,10
592683,1,2001,12
594287,1,2001,2
594287,1,2001,6
594287,1,2001,9
594287,1,2001,10
594287,1,2001,12
682174,1,2001,8
682174,1,2001,9
682174,1,2001,10
682174,1,2001,11
723451,1,2001,2
723451,1,2001,4
723451,1,2001,5
723451,1,2001,7
723451,1,2001,10
723451,1,2001,11
723451,1,2001,12
731856,1,2001,2
731856,1,2001,5
731856,1,2001,6
731856,1,2001,7
731856,1,2001,9
731856,1,2001,10
731856,1,2001,11
731856,1,2001,12
732156,1,2001,5
732156,1,2001,6
732156,1,2001,10
732156,1,2001,11
732156,1,2001,12
746938,1,2001,9
746938,1,2001,10
746938,1,2001,12
921683,1,2001,5
921683,1,2001,7
921683,1,2001,8
921683,1,2001,10
921683,1,2001,11
921683,1,2001,12
956214,1,2001,7
956214,1,2001,8
956214,1,2001,9
956214,1,2001,10
956214,1,2001,12
1045297,1,2001,8
1045297,1,2001,9
1045297,1,2001,10
1045297,1,2001,11
1045297,1,2001,12
1075689,1,2001,2
1075689,1,2001,4
1075689,1,2001,8
1075689,1,2001,10
1075689,1,2001,12
1240376,1,2001,6
1240376,1,2001,8
1240376,1,2001,10
1248730,1,2001,2
1248730,1,2001,7
1248730,1,2001,8
1248730,1,2001,9
1248730,1,2001,10
1270683,1,2001,5
1270683,1,2001,7
1270683,1,2001,10
1320789,1,2001,6
1320789,1,2001,7
1320789,1,2001,8
1320789,1,2001,10
1320789,1,2001,12
1326509,1,2001,4
1326509,1,2001,6
1326509,1,2001,7
1326509,1,2001,8
1326509,1,2001,9
1326509,1,2001,10
1326509,1,2001,12
1328940,1,2001,6
1328940,1,2001,8
1328940,1,2001,9
1328940,1,2001,10
1328940,1,2001,12
1358792,1,2001,6
1358792,1,2001,7
1358792,1,2001,8
1358792,1,2001,9
1358792,1,2001,10
1483579,1,2001,3
1483579,1,2001,4
1483579,1,2001,6
1483579,1,2001,7
1483579,1,2001,10
1483579,1,2001,12
1487650,1,2001,6
1487650,1,2001,7
1487650,1,2001,8
1487650,1,2001,9
1487650,1,2001,10
1487650,1,2001,11
1487650,1,2001,12
1503476,1,2001,5
1503476,1,2001,9
1503476,1,2001,10
1584602,1,2001,8
1584602,1,2001,9
1584602,1,2001,10
1634592,1,2001,3
1634592,1,2001,4
1634592,1,2001,5
1634592,1,2001,6
1634592,1,2001,7
1634592,1,2001,8
1634592,1,2001,9
1634592,1,2001,10
1634592,1,2001,11
1634592,1,2001,12
1635907,1,2001,4
1635907,1,2001,8
1635907,1,2001,9
1635907,1,2001,10
1635907,1,2001,11
1645927,1,2001,4
1645927,1,2001,8
1645927,1,2001,9
1645927,1,2001,10
1645927,1,2001,12
1649307,1,2001,8
1649307,1,2001,9
1649307,1,2001,10
1659834,1,2001,9
1659834,1,2001,10
1659834,1,2001,11
1673540,1,2001,5
1673540,1,2001,8
1673540,1,2001,10
1673540,1,2001,11
1678203,1,2001,8
1678203,1,2001,10
1678203,1,2001,11
1692850,1,2001,3
1692850,1,2001,7
1692850,1,2001,10
1702843,1,2001,3
1702843,1,2001,4
1702843,1,2001,7
1702843,1,2001,8
1702843,1,2001,9
1702843,1,2001,10
1705926,1,2001,3
1705926,1,2001,4
1705926,1,2001,6
1705926,1,2001,7
1705926,1,2001,8
1705926,1,2001,9
1705926,1,2001,10
1705926,1,2001,11
1705926,1,2001,12
1860324,1,2001,7
1860324,1,2001,9
1860324,1,2001,10
1890354,1,2001,5
1890354,1,2001,8
1890354,1,2001,9
1890354,1,2001,10
1956728,1,2001,7
1956728,1,2001,8
1956728,1,2001,9
1956728,1,2001,10
1956728,1,2001,11
2045768,1,2001,5
2045768,1,2001,8
2045768,1,2001,9
2045768,1,2001,10
2045768,1,2001,11
2045768,1,2001,12
2130687,1,2001,4
2130687,1,2001,5
2130687,1,2001,6
2130687,1,2001,7
2130687,1,2001,8
2130687,1,2001,9
2130687,1,2001,10
2130687,1,2001,11
2130687,1,2001,12
2137469,1,2001,2
2137469,1,2001,4
2137469,1,2001,8
2137469,1,2001,9
2137469,1,2001,10
2137469,1,2001,11
2153874,1,2001,2
2153874,1,2001,3
2153874,1,2001,4
2153874,1,2001,5
2153874,1,2001,6
2153874,1,2001,7
2153874,1,2001,8
2153874,1,2001,9
2153874,1,2001,10
2153874,1,2001,11
2153874,1,2001,12
2179850,1,2001,2
2179850,1,2001,4
2179850,1,2001,5
2179850,1,2001,8
2179850,1,2001,9
2179850,1,2001,10
2179850,1,2001,11
2179850,1,2001,12
2198764,1,2001,4
2198764,1,2001,5
2198764,1,2001,6
2198764,1,2001,7
2198764,1,2001,8
2198764,1,2001,9
2198764,1,2001,10
2198764,1,2001,11
2198764,1,2001,12
2318659,1,2001,7
2318659,1,2001,9
2318659,1,2001,10
2318659,1,2001,11
2318659,1,2001,12
2370981,1,2001,4
2370981,1,2001,5
2370981,1,2001,10
2389456,1,2001,9
2389456,1,2001,10
2389456,1,2001,11
2431680,1,2001,9
2431680,1,2001,10
2431680,1,2001,11
2431680,1,2001,12
2453876,1,2001,6
2453876,1,2001,9
2453876,1,2001,10
2453876,1,2001,11
2453876,1,2001,12
2504631,1,2001,5
2504631,1,2001,6
2504631,1,2001,7
2504631,1,2001,8
2504631,1,2001,9
2504631,1,2001,10
2504631,1,2001,11
2504631,1,2001,12
2605193,1,2001,4
2605193,1,2001,5
2605193,1,2001,6
2605193,1,2001,8
2605193,1,2001,9
2605193,1,2001,10
2693147,1,2001,8
2693147,1,2001,9
2693147,1,2001,10
2697358,1,2001,2
2697358,1,2001,6
2697358,1,2001,7
2697358,1,2001,10
2756408,1,2001,4
2756408,1,2001,5
2756408,1,2001,7
2756408,1,2001,8
2756408,1,2001,9
2756408,1,2001,10
2756408,1,2001,11
2756408,1,2001,12
2769341,1,2001,9
2769341,1,2001,10
2769341,1,2001,11
2769341,1,2001,12
2839407,1,2001,5
2839407,1,2001,7
2839407,1,2001,8
2839407,1,2001,9
2839407,1,2001,10
2839407,1,2001,11
2839407,1,2001,12
2839675,1,2001,8
2839675,1,2001,10
2839675,1,2001,11
2839675,1,2001,12
2861340,1,2001,7
2861340,1,2001,8
2861340,1,2001,9
2861340,1,2001,10
2861340,1,2001,11
2861340,1,2001,12
2894136,1,2001,4
2894136,1,2001,5
2894136,1,2001,6
2894136,1,2001,8
2894136,1,2001,9
2894136,1,2001,10
2905761,1,2001,4
2905761,1,2001,5
2905761,1,2001,8
2905761,1,2001,10
2905761,1,2001,11
2941756,1,2001,6
2941756,1,2001,7
2941756,1,2001,8
2941756,1,2001,9
2941756,1,2001,10
2941756,1,2001,11
2941756,1,2001,12
3046952,1,2001,3
3046952,1,2001,4
3046952,1,2001,5
3046952,1,2001,6
3046952,1,2001,7
3046952,1,2001,9
3046952,1,2001,10
3046952,1,2001,11
3048219,1,2001,6
3048219,1,2001,7
3048219,1,2001,8
3048219,1,2001,9
3048219,1,2001,10
3048219,1,2001,11
3048219,1,2001,12
3087459,1,2001,9
3087459,1,2001,10
3087459,1,2001,11
3094568,1,2001,2
3094568,1,2001,3
3094568,1,2001,4
3094568,1,2001,5
3094568,1,2001,6
3094568,1,2001,7
3094568,1,2001,8
3094568,1,2001,9
3094568,1,2001,10
3094568,1,2001,11
3094568,1,2001,12
3109657,1,2001,5
3109657,1,2001,6
3109657,1,2001,7
3109657,1,2001,8
3109657,1,2001,9
3109657,1,2001,10
3109657,1,2001,11
3109657,1,2001,12
3129506,1,2001,10
3129506,1,2001,11
3129506,1,2001,12
3154279,1,2001,7
3154279,1,2001,9
3154279,1,2001,10
3154279,1,2001,11
3176045,1,2001,4
3176045,1,2001,5
3176045,1,2001,6
3176045,1,2001,7
3176045,1,2001,8
3176045,1,2001,9
3176045,1,2001,10
3176045,1,2001,11
3176045,1,2001,12
3186795,1,2001,2
3186795,1,2001,4
3186795,1,2001,6
3186795,1,2001,9
3186795,1,2001,10
3186795,1,2001,12
3275890,1,2001,2
3275890,1,2001,3
3275890,1,2001,5
3275890,1,2001,6
3275890,1,2001,7
3275890,1,2001,8
3275890,1,2001,9
3275890,1,2001,10
3275890,1,2001,11
3275890,1,2001,12
3278906,1,2001,8
3278906,1,2001,10
3278906,1,2001,11
3278906,1,2001,12
3286107,1,2001,4
3286107,1,2001,5
3286107,1,2001,6
3286107,1,2001,10
3286107,1,2001,11
3286107,1,2001,12
3294807,1,2001,2
3294807,1,2001,4
3294807,1,2001,6
3294807,1,2001,8
3294807,1,2001,10
3485901,1,2001,9
3485901,1,2001,10
3485901,1,2001,11
3498652,1,2001,2
3498652,1,2001,4
3498652,1,2001,5
3498652,1,2001,6
3498652,1,2001,7
3498652,1,2001,9
3498652,1,2001,10
3498652,1,2001,12
3524809,1,2001,9
3524809,1,2001,10
3524809,1,2001,11
3526140,1,2001,4
3526140,1,2001,5
3526140,1,2001,6
3526140,1,2001,7
3526140,1,2001,8
3526140,1,2001,9
3526140,1,2001,10
3560821,1,2001,2
3560821,1,2001,9
3560821,1,2001,10
3619475,1,2001,2
3619475,1,2001,3
3619475,1,2001,4
3619475,1,2001,5
3619475,1,2001,6
3619475,1,2001,7
3619475,1,2001,8
3619475,1,2001,9
3619475,1,2001,10
3619475,1,2001,11
3619475,1,2001,12
3671450,1,2001,4
3671450,1,2001,8
3671450,1,2001,10
3671450,1,2001,11
3692187,1,2001,7
3692187,1,2001,9
3692187,1,2001,10
3692187,1,2001,11
3712690,1,2001,3
3712690,1,2001,8
3712690,1,2001,9
3712690,1,2001,10
3712690,1,2001,11
3712690,1,2001,12
3784615,1,2001,2
3784615,1,2001,5
3784615,1,2001,10
3784615,1,2001,11
3784615,1,2001,12
3816749,1,2001,7
3816749,1,2001,8
3816749,1,2001,9
3816749,1,2001,10
3816749,1,2001,11
3816749,1,2001,12
3840621,1,2001,9
3840621,1,2001,10
3840621,1,2001,11
3852079,1,2001,7
3852079,1,2001,9
3852079,1,2001,10
3852079,1,2001,11
3852079,1,2001,12
3865041,1,2001,6
3865041,1,2001,7
3865041,1,2001,8
3865041,1,2001,9
3865041,1,2001,10
3865041,1,2001,11
3865041,1,2001,12
3894057,1,2001,5
3894057,1,2001,6
3894057,1,2001,7
3894057,1,2001,10
3894057,1,2001,11
3902168,1,2001,5
3902168,1,2001,6
3902168,1,2001,7
3902168,1,2001,8
3902168,1,2001,9
3902168,1,2001,10
3902168,1,2001,11
3902168,1,2001,12
3912765,1,2001,2
3912765,1,2001,3
3912765,1,2001,4
3912765,1,2001,6
3912765,1,2001,7
3912765,1,2001,8
3912765,1,2001,9
3912765,1,2001,10
3912765,1,2001,11
3912765,1,2001,12
3916027,1,2001,4
3916027,1,2001,5
3916027,1,2001,6
3916027,1,2001,8
3916027,1,2001,10
3940578,1,2001,2
3940578,1,2001,3
3940578,1,2001,7
3940578,1,2001,8
3940578,1,2001,10
3940578,1,2001,11
3971620,1,2001,2
3971620,1,2001,3
3971620,1,2001,4
3971620,1,2001,5
3971620,1,2001,10
4031576,1,2001,8
4031576,1,2001,10
4031576,1,2001,11
4031576,1,2001,12
4036875,1,2001,2
4036875,1,2001,3
4036875,1,2001,5
4036875,1,2001,6
4036875,1,2001,9
4036875,1,2001,10
4067821,1,2001,8
4067821,1,2001,10
4067821,1,2001,11
4067821,1,2001,12
4072168,1,2001,3
4072168,1,2001,5
4072168,1,2001,6
4072168,1,2001,7
4072168,1,2001,8
4072168,1,2001,9
4072168,1,2001,10
4072168,1,2001,11
4072168,1,2001,12
4072319,1,2001,3
4072319,1,2001,4
4072319,1,2001,5
4072319,1,2001,6
4072319,1,2001,8
4072319,1,2001,10
4072319,1,2001,11
4072319,1,2001,12
4129578,1,2001,2
4129578,1,2001,3
4129578,1,2001,4
4129578,1,2001,5
4129578,1,2001,6
4129578,1,2001,7
4129578,1,2001,8
4129578,1,2001,9
4129578,1,2001,10
4129578,1,2001,11
4129578,1,2001,12
4186092,1,2001,3
4186092,1,2001,4
4186092,1,2001,5
4186092,1,2001,6
4186092,1,2001,7
4186092,1,2001,10
4186092,1,2001,11
4190627,1,2001,5
4190627,1,2001,6
4190627,1,2001,8
4190627,1,2001,9
4190627,1,2001,10
4190627,1,2001,11
4219650,1,2001,6
4219650,1,2001,7
4219650,1,2001,8
4219650,1,2001,9
4219650,1,2001,10
4285936,1,2001,9
4285936,1,2001,10
4285936,1,2001,11
4285936,1,2001,12
4287935,1,2001,9
4287935,1,2001,10
4287935,1,2001,11
4287935,1,2001,12
4296173,1,2001,7
4296173,1,2001,9
4296173,1,2001,10
4317260,1,2001,2
4317260,1,2001,5
4317260,1,2001,8
4317260,1,2001,9
4317260,1,2001,10
4317260,1,2001,11
4317260,1,2001,12
4376851,1,2001,8
4376851,1,2001,9
4376851,1,2001,10
4376851,1,2001,11
4376851,1,2001,12
4502963,1,2001,10
4502963,1,2001,11
4502963,1,2001,12
4512986,1,2001,2
4512986,1,2001,3
4512986,1,2001,4
4512986,1,2001,7
4512986,1,2001,8
4512986,1,2001,9
4512986,1,2001,10
4512986,1,2001,11
4512986,1,2001,12
4513269,1,2001,3
4513269,1,2001,4
4513269,1,2001,8
4513269,1,2001,10
4513269,1,2001,12
4608729,1,2001,6
4608729,1,2001,7
4608729,1,2001,8
4608729,1,2001,9
4608729,1,2001,10
4608729,1,2001,11
4638972,1,2001,5
4638972,1,2001,6
4638972,1,2001,7
4638972,1,2001,9
4638972,1,2001,10
4638972,1,2001,12
4650971,1,2001,2
4650971,1,2001,3
4650971,1,2001,7
4650971,1,2001,8
4650971,1,2001,9
4650971,1,2001,10
4650971,1,2001,11
4650971,1,2001,12
4895610,1,2001,9
4895610,1,2001,10
4895610,1,2001,11
4895610,1,2001,12
5049823,1,2001,6
5049823,1,2001,8
5049823,1,2001,10
5086412,1,2001,8
5086412,1,2001,9
5086412,1,2001,10
5086412,1,2001,11
5108724,1,2001,6
5108724,1,2001,8
5108724,1,2001,10
5127684,1,2001,3
5127684,1,2001,5
5127684,1,2001,9
5127684,1,2001,10
5127684,1,2001,12
5148903,1,2001,2
5148903,1,2001,3
5148903,1,2001,4
5148903,1,2001,5
5148903,1,2001,6
5148903,1,2001,7
5148903,1,2001,8
5148903,1,2001,9
5148903,1,2001,10
5148903,1,2001,11
5148903,1,2001,12
5193487,1,2001,3
5193487,1,2001,4
5193487,1,2001,5
5193487,1,2001,8
5193487,1,2001,9
5193487,1,2001,10
5193487,1,2001,11
5213469,1,2001,6
5213469,1,2001,7
5213469,1,2001,8
5213469,1,2001,10
5213469,1,2001,11
5280416,1,2001,8
5280416,1,2001,9
5280416,1,2001,10
5280634,1,2001,2
5280634,1,2001,6
5280634,1,2001,7
5280634,1,2001,8
5280634,1,2001,9
5280634,1,2001,10
5280634,1,2001,11
5361204,1,2001,2
5361204,1,2001,3
5361204,1,2001,4
5361204,1,2001,5
5361204,1,2001,6
5361204,1,2001,7
5361204,1,2001,8
5361204,1,2001,9
5361204,1,2001,10
5361204,1,2001,11
5361204,1,2001,12
5467031,1,2001,4
5467031,1,2001,7
5467031,1,2001,8
5467031,1,2001,9
5467031,1,2001,10
5467031,1,2001,12
5467213,1,2001,6
5467213,1,2001,7
5467213,1,2001,10
5467213,1,2001,11
5469210,1,2001,4
5469210,1,2001,8
5469210,1,2001,9
5469210,1,2001,10
5469210,1,2001,11
5469210,1,2001,12
5620498,1,2001,2
5620498,1,2001,3
5620498,1,2001,4
5620498,1,2001,6
5620498,1,2001,7
5620498,1,2001,8
5620498,1,2001,9
5620498,1,2001,10
5620498,1,2001,11
5620498,1,2001,12
5647039,1,2001,3
5647039,1,2001,8
5647039,1,2001,10
5647382,1,2001,6
5647382,1,2001,10
5647382,1,2001,11
5693148,1,2001,4
5693148,1,2001,5
5693148,1,2001,6
5693148,1,2001,7
5693148,1,2001,8
5693148,1,2001,9
5693148,1,2001,10
5693148,1,2001,11
5693148,1,2001,12
5829714,1,2001,2
5829714,1,2001,3
5829714,1,2001,4
5829714,1,2001,9
5829714,1,2001,10
5829714,1,2001,12
5862904,1,2001,6
5862904,1,2001,7
5862904,1,2001,8
5862904,1,2001,9
5862904,1,2001,10
5862904,1,2001,11
5879213,1,2001,8
5879213,1,2001,10
5879213,1,2001,11
5894302,1,2001,2
5894302,1,2001,4
5894302,1,2001,5
5894302,1,2001,9
5894302,1,2001,10
5894302,1,2001,11
5894302,1,2001,12
5946231,1,2001,3
5946231,1,2001,6
5946231,1,2001,7
5946231,1,2001,8
5946231,1,2001,9
5946231,1,2001,10
5946231,1,2001,12
5960287,1,2001,2
5960287,1,2001,3
5960287,1,2001,4
5960287,1,2001,5
5960287,1,2001,6
5960287,1,2001,7
5960287,1,2001,8
5960287,1,2001,9
5960287,1,2001,10
5960287,1,2001,11
5960287,1,2001,12
5961238,1,2001,2
5961238,1,2001,4
5961238,1,2001,6
5961238,1,2001,7
5961238,1,2001,8
5961238,1,2001,9
5961238,1,2001,10
5961238,1,2001,12
5968230,1,2001,4
5968230,1,2001,5
5968230,1,2001,6
5968230,1,2001,7
5968230,1,2001,8
5968230,1,2001,9
5968230,1,2001,10
5968230,1,2001,11
5968230,1,2001,12
5981763,1,2001,7
5981763,1,2001,8
5981763,1,2001,10
5983210,1,2001,5
5983210,1,2001,9
5983210,1,2001,10
5983210,1,2001,12
6149783,1,2001,9
6149783,1,2001,10
6149783,1,2001,11
6235704,1,2001,6
6235704,1,2001,10
6235704,1,2001,12
6274903,1,2001,6
6274903,1,2001,7
6274903,1,2001,8
6274903,1,2001,9
6274903,1,2001,10
6274903,1,2001,11
6274903,1,2001,12
6340197,1,2001,2
6340197,1,2001,4
6340197,1,2001,6
6340197,1,2001,7
6340197,1,2001,8
6340197,1,2001,9
6340197,1,2001,10
6340197,1,2001,11
6359210,1,2001,7
6359210,1,2001,9
6359210,1,2001,10
6359210,1,2001,12
6384197,1,2001,2
6384197,1,2001,4
6384197,1,2001,5
6384197,1,2001,6
6384197,1,2001,7
6384197,1,2001,8
6384197,1,2001,9
6384197,1,2001,10
6384197,1,2001,11
6398215,1,2001,3
6398215,1,2001,4
6398215,1,2001,5
6398215,1,2001,6
6398215,1,2001,7
6398215,1,2001,8
6398215,1,2001,9
6398215,1,2001,10
6398215,1,2001,11
6398215,1,2001,12
6459827,1,2001,6
6459827,1,2001,7
6459827,1,2001,8
6459827,1,2001,9
6459827,1,2001,10
6459827,1,2001,11
6459827,1,2001,12
6509813,1,2001,7
6509813,1,2001,9
6509813,1,2001,10
6509813,1,2001,11
6509813,1,2001,12
6715842,1,2001,6
6715842,1,2001,7
6715842,1,2001,10
6815903,1,2001,9
6815903,1,2001,10
6815903,1,2001,11
6824170,1,2001,3
6824170,1,2001,4
6824170,1,2001,5
6824170,1,2001,6
6824170,1,2001,7
6824170,1,2001,8
6824170,1,2001,9
6824170,1,2001,10
6824170,1,2001,11
6824170,1,2001,12
6839740,1,2001,6
6839740,1,2001,7
6839740,1,2001,8
6839740,1,2001,9
6839740,1,2001,10
6928053,1,2001,2
6928053,1,2001,3
6928053,1,2001,4
6928053,1,2001,7
6928053,1,2001,9
6928053,1,2001,10
6928053,1,2001,11
6928053,1,2001,12
6957431,1,2001,5
6957431,1,2001,6
6957431,1,2001,9
6957431,1,2001,10
6973145,1,2001,5
6973145,1,2001,6
6973145,1,2001,7
6973145,1,2001,8
6973145,1,2001,10
6973145,1,2001,11
6973145,1,2001,12
6978542,1,2001,5
6978542,1,2001,6
6978542,1,2001,7
6978542,1,2001,9
6978542,1,2001,10
7014936,1,2001,9
7014936,1,2001,10
7014936,1,2001,11
7014936,1,2001,12
7016459,1,2001,7
7016459,1,2001,10
7016459,1,2001,12
7032495,1,2001,5
7032495,1,2001,6
7032495,1,2001,8
7032495,1,2001,9
7032495,1,2001,10
7032495,1,2001,11
7032495,1,2001,12
7061538,1,2001,8
7061538,1,2001,9
7061538,1,2001,10
7061538,1,2001,11
7061538,1,2001,12
7063451,1,2001,7
7063451,1,2001,8
7063451,1,2001,9
7063451,1,2001,10
7063451,1,2001,11
7063451,1,2001,12
7102639,1,2001,4
7102639,1,2001,5
7102639,1,2001,7
7102639,1,2001,8
7102639,1,2001,10
7105829,1,2001,3
7105829,1,2001,8
7105829,1,2001,9
7105829,1,2001,10
7105829,1,2001,11
7124583,1,2001,2
7124583,1,2001,6
7124583,1,2001,7
7124583,1,2001,9
7124583,1,2001,10
7165849,1,2001,7
7165849,1,2001,8
7165849,1,2001,9
7165849,1,2001,10
7165849,1,2001,11
7165849,1,2001,12
7286531,1,2001,2
7286531,1,2001,3
7286531,1,2001,4
7286531,1,2001,5
7286531,1,2001,6
7286531,1,2001,9
7286531,1,2001,10
7286531,1,2001,11
7291408,1,2001,5
7291408,1,2001,6
7291408,1,2001,8
7291408,1,2001,9
7291408,1,2001,10
7291408,1,2001,11
7291408,1,2001,12
7318245,1,2001,10
7318245,1,2001,11
7318245,1,2001,12
7350249,1,2001,7
7350249,1,2001,8
7350249,1,2001,9
7350249,1,2001,10
7350249,1,2001,11
7350249,1,2001,12
7438159,1,2001,4
7438159,1,2001,5
7438159,1,2001,6
7438159,1,2001,7
7438159,1,2001,8
7438159,1,2001,10
7438159,1,2001,11
7438159,1,2001,12
7480269,1,2001,7
7480269,1,2001,8
7480269,1,2001,9
7480269,1,2001,10
7480269,1,2001,11
7480269,1,2001,12
7489206,1,2001,7
7489206,1,2001,8
7489206,1,2001,10
7548306,1,2001,10
7548306,1,2001,11
7548306,1,2001,12
7603198,1,2001,2
7603198,1,2001,8
7603198,1,2001,10
7610549,1,2001,2
7610549,1,2001,3
7610549,1,2001,5
7610549,1,2001,6
7610549,1,2001,8
7610549,1,2001,9
7610549,1,2001,10
7610549,1,2001,11
7629015,1,2001,7
7629015,1,2001,8
7629015,1,2001,10
7642180,1,2001,3
7642180,1,2001,4
7642180,1,2001,6
7642180,1,2001,10
7852394,1,2001,4
7852394,1,2001,5
7852394,1,2001,6
7852394,1,2001,7
7852394,1,2001,8
7852394,1,2001,10
7856341,1,2001,5
7856341,1,2001,7
7856341,1,2001,10
7862319,1,2001,5
7862319,1,2001,7
7862319,1,2001,10
7862319,1,2001,12
7893402,1,2001,7
7893402,1,2001,8
7893402,1,2001,10
7893402,1,2001,12
7943580,1,2001,3
7943580,1,2001,5
7943580,1,2001,6
7943580,1,2001,7
7943580,1,2001,10
7943580,1,2001,11
7943580,1,2001,12
7961250,1,2001,6
7961250,1,2001,8
7961250,1,2001,10
8102376,1,2001,6
8102376,1,2001,10
8102376,1,2001,11
8102376,1,2001,12
8124569,1,2001,6
8124569,1,2001,7
8124569,1,2001,9
8124569,1,2001,10
8124569,1,2001,11
8124569,1,2001,12
8130756,1,2001,3
8130756,1,2001,5
8130756,1,2001,6
8130756,1,2001,7
8130756,1,2001,9
8130756,1,2001,10
8130756,1,2001,11
8130756,1,2001,12
8167234,1,2001,2
8167234,1,2001,3
8167234,1,2001,4
8167234,1,2001,5
8167234,1,2001,6
8167234,1,2001,7
8167234,1,2001,8
8167234,1,2001,9
8167234,1,2001,10
8167234,1,2001,11
8167234,1,2001,12
8219305,1,2001,6
8219305,1,2001,7
8219305,1,2001,8
8219305,1,2001,10
8219305,1,2001,12
8235906,1,2001,4
8235906,1,2001,5
8235906,1,2001,6
8235906,1,2001,7
8235906,1,2001,8
8235906,1,2001,9
8235906,1,2001,10
8235906,1,2001,11
8263471,1,2001,8
8263471,1,2001,9
8263471,1,2001,10
8325764,1,2001,6
8325764,1,2001,9
8325764,1,2001,10
8325764,1,2001,11
8417923,1,2001,9
8417923,1,2001,10
8417923,1,2001,12
8503467,1,2001,3
8503467,1,2001,4
8503467,1,2001,5
8503467,1,2001,6
8503467,1,2001,8
8503467,1,2001,9
8503467,1,2001,10
8503467,1,2001,11
8523670,1,2001,7
8523670,1,2001,10
8523670,1,2001,12
8527460,1,2001,9
8527460,1,2001,10
8527460,1,2001,11
8527460,1,2001,12
8576243,1,2001,9
8576243,1,2001,10
8576243,1,2001,11
8604135,1,2001,6
8604135,1,2001,7
8604135,1,2001,8
8604135,1,2001,9
8604135,1,2001,10
8604135,1,2001,11
8609241,1,2001,3
8609241,1,2001,7
8609241,1,2001,10
8609241,1,2001,11
8629504,1,2001,9
8629504,1,2001,10
8629504,1,2001,11
8641239,1,2001,3
8641239,1,2001,4
8641239,1,2001,5
8641239,1,2001,6
8641239,1,2001,7
8641239,1,2001,8
8641239,1,2001,9
8641239,1,2001,10
8641239,1,2001,11
8641239,1,2001,12
8650374,1,2001,8
8650374,1,2001,9
8650374,1,2001,10
8709214,1,2001,2
8709214,1,2001,3
8709214,1,2001,8
8709214,1,2001,10
8709214,1,2001,11
8709214,1,2001,12
8790435,1,2001,4
8790435,1,2001,7
8790435,1,2001,8
8790435,1,2001,9
8790435,1,2001,10
8790435,1,2001,11
8790435,1,2001,12
8957063,1,2001,6
8957063,1,2001,8
8957063,1,2001,10
8964071,1,2001,6
8964071,1,2001,7
8964071,1,2001,10
8964071,1,2001,11
8975416,1,2001,2
8975416,1,2001,3
8975416,1,2001,5
8975416,1,2001,6
8975416,1,2001,7
8975416,1,2001,8
8975416,1,2001,9
8975416,1,2001,10
8975416,1,2001,11
8975416,1,2001,12
8975462,1,2001,3
8975462,1,2001,4
8975462,1,2001,5
8975462,1,2001,6
8975462,1,2001,7
8975462,1,2001,8
8975462,1,2001,9
8975462,1,2001,10
8975462,1,2001,12
9031642,1,2001,9
9031642,1,2001,10
9031642,1,2001,11
9031642,1,2001,12
9035481,1,2001,7
9035481,1,2001,8
9035481,1,2001,9
9035481,1,2001,10
9035481,1,2001,12
9064187,1,2001,3
9064187,1,2001,4
9064187,1,2001,5
9064187,1,2001,6
9064187,1,2001,7
9064187,1,2001,8
9064187,1,2001,9
9064187,1,2001,10
9064187,1,2001,11
9064187,1,2001,12
9064712,1,2001,6
9064712,1,2001,7
9064712,1,2001,8
9064712,1,2001,9
9064712,1,2001,10
9064712,1,2001,11
9064712,1,2001,12
9086354,1,2001,3
9086354,1,2001,4
9086354,1,2001,8
9086354,1,2001,10
9086354,1,2001,11
9086354,1,2001,12
9126580,1,2001,10
9126580,1,2001,11
9126580,1,2001,12
9138674,1,2001,2
9138674,1,2001,3
9138674,1,2001,4
9138674,1,2001,5
9138674,1,2001,6
9138674,1,2001,8
9138674,1,2001,9
9138674,1,2001,10
9138674,1,2001,11
9138674,1,2001,12
9142756,1,2001,2
9142756,1,2001,3
9142756,1,2001,4
9142756,1,2001,5
9142756,1,2001,6
9142756,1,2001,7
9142756,1,2001,8
9142756,1,2001,9
9142756,1,2001,10
9142756,1,2001,11
9142756,1,2001,12
9256481,1,2001,10
9256481,1,2001,11
9256481,1,2001,12
9284716,1,2001,8
9284716,1,2001,10
9284716,1,2001,12
9342150,1,2001,2
9342150,1,2001,3
9342150,1,2001,4
9342150,1,2001,5
9342150,1,2001,7
9342150,1,2001,8
9342150,1,2001,9
9342150,1,2001,10
9342150,1,2001,11
9342150,1,2001,12
9471230,1,2001,6
9471230,1,2001,8
9471230,1,2001,9
9471230,1,2001,10
9485032,1,2001,5
9485032,1,2001,9
9485032,1,2001,10
9524167,1,2001,8
9524167,1,2001,10
9524167,1,2001,11
9524167,1,2001,12
9527430,1,2001,5
9527430,1,2001,6
9527430,1,2001,7
9527430,1,2001,8
9527430,1,2001,9
9527430,1,2001,10
9564032,1,2001,8
9564032,1,2001,9
9564032,1,2001,10
9564032,1,2001,11
9627350,1,2001,9
9627350,1,2001,10
9627350,1,2001,11
9627350,1,2001,12
9658231,1,2001,4
9658231,1,2001,5
9658231,1,2001,6
9658231,1,2001,7
9658231,1,2001,9
9658231,1,2001,10
9658231,1,2001,12
9741058,1,2001,4
9741058,1,2001,9
9741058,1,2001,10
9812736,1,2001,7
9812736,1,2001,8
9812736,1,2001,9
9812736,1,2001,10
9812736,1,2001,11
9826403,1,2001,7
9826403,1,2001,8
9826403,1,2001,10
9826403,1,2001,11
9832506,1,2001,4
9832506,1,2001,5
9832506,1,2001,6
9832506,1,2001,7
9832506,1,2001,8
9832506,1,2001,9
9832506,1,2001,10
9832506,1,2001,11
9832506,1,2001,12
9850126,1,2001,2
9850126,1,2001,6
9850126,1,2001,10
9867413,1,2001,3
9867413,1,2001,5
9867413,1,2001,6
9867413,1,2001,7
9867413,1,2001,8
9867413,1,2001,9
9867413,1,2001,10
9867413,1,2001,11
9867413,1,2001,12
138692,1,2001,3
138692,1,2001,6
138692,1,2001,7
138692,1,2001,8
138692,1,2001,9
138692,1,2001,11
174358,1,2001,3
174358,1,2001,4
174358,1,2001,7
174358,1,2001,11
526198,1,2001,3
526198,1,2001,4
526198,1,2001,5
526198,1,2001,6
526198,1,2001,8
526198,1,2001,11
674951,1,2001,7
674951,1,2001,11
674951,1,2001,12
725698,1,2001,3
725698,1,2001,4
725698,1,2001,5
725698,1,2001,6
725698,1,2001,8
725698,1,2001,9
725698,1,2001,11
725698,1,2001,12
891623,1,2001,4
891623,1,2001,5
891623,1,2001,6
891623,1,2001,7
891623,1,2001,8
891623,1,2001,9
891623,1,2001,11
965187,1,2001,7
965187,1,2001,8
965187,1,2001,11
965187,1,2001,12
1425769,1,2001,2
1425769,1,2001,3
1425769,1,2001,5
1425769,1,2001,6
1425769,1,2001,7
1425769,1,2001,8
1425769,1,2001,9
1425769,1,2001,11
1425769,1,2001,12
2368475,1,2001,2
2368475,1,2001,3
2368475,1,2001,4
2368475,1,2001,5
2368475,1,2001,6
2368475,1,2001,7
2368475,1,2001,8
2368475,1,2001,9
2368475,1,2001,11
2368475,1,2001,12
2403591,1,2001,6
2403591,1,2001,9
2403591,1,2001,11
2403591,1,2001,12
3016895,1,2001,8
3016895,1,2001,9
3016895,1,2001,11
3016895,1,2001,12
3092657,1,2001,4
3092657,1,2001,9
3092657,1,2001,11
3149287,1,2001,7
3149287,1,2001,9
3149287,1,2001,11
3498527,1,2001,4
3498527,1,2001,6
3498527,1,2001,7
3498527,1,2001,8
3498527,1,2001,9
3498527,1,2001,11
3498527,1,2001,12
3567489,1,2001,7
3567489,1,2001,8
3567489,1,2001,11
3567489,1,2001,12
3586104,1,2001,2
3586104,1,2001,6
3586104,1,2001,7
3586104,1,2001,8
3586104,1,2001,11
3802719,1,2001,5
3802719,1,2001,7
3802719,1,2001,8
3802719,1,2001,9
3802719,1,2001,11
3847902,1,2001,6
3847902,1,2001,8
3847902,1,2001,11
4283590,1,2001,9
4283590,1,2001,11
4283590,1,2001,12
4293867,1,2001,6
4293867,1,2001,7
4293867,1,2001,8
4293867,1,2001,11
4536820,1,2001,8
4536820,1,2001,11
4536820,1,2001,12
4719602,1,2001,4
4719602,1,2001,5
4719602,1,2001,7
4719602,1,2001,11
4728063,1,2001,4
4728063,1,2001,6
4728063,1,2001,11
4728063,1,2001,12
4850769,1,2001,2
4850769,1,2001,3
4850769,1,2001,6
4850769,1,2001,7
4850769,1,2001,8
4850769,1,2001,9
4850769,1,2001,11
4850769,1,2001,12
4892031,1,2001,8
4892031,1,2001,11
4892031,1,2001,12
4918326,1,2001,7
4918326,1,2001,8
4918326,1,2001,11
5098214,1,2001,2
5098214,1,2001,8
5098214,1,2001,11
5098214,1,2001,12
5380476,1,2001,9
5380476,1,2001,11
5380476,1,2001,12
5439760,1,2001,2
5439760,1,2001,5
5439760,1,2001,7
5439760,1,2001,11
5738124,1,2001,6
5738124,1,2001,9
5738124,1,2001,11
5876029,1,2001,6
5876029,1,2001,8
5876029,1,2001,9
5876029,1,2001,11
5876029,1,2001,12
5907128,1,2001,2
5907128,1,2001,3
5907128,1,2001,4
5907128,1,2001,8
5907128,1,2001,11
6034295,1,2001,8
6034295,1,2001,9
6034295,1,2001,11
6034295,1,2001,12
6079532,1,2001,5
6079532,1,2001,6
6079532,1,2001,8
6079532,1,2001,9
6079532,1,2001,11
6093425,1,2001,4
6093425,1,2001,7
6093425,1,2001,8
6093425,1,2001,11
6093425,1,2001,12
6148739,1,2001,2
6148739,1,2001,5
6148739,1,2001,7
6148739,1,2001,11
6192358,1,2001,6
6192358,1,2001,8
6192358,1,2001,9
6192358,1,2001,11
6284319,1,2001,6
6284319,1,2001,7
6284319,1,2001,8
6284319,1,2001,9
6284319,1,2001,11
6284319,1,2001,12
6419570,1,2001,7
6419570,1,2001,9
6419570,1,2001,11
6419570,1,2001,12
6503498,1,2001,4
6503498,1,2001,5
6503498,1,2001,11
6809257,1,2001,4
6809257,1,2001,5
6809257,1,2001,11
6809257,1,2001,12
6854017,1,2001,2
6854017,1,2001,3
6854017,1,2001,5
6854017,1,2001,6
6854017,1,2001,7
6854017,1,2001,8
6854017,1,2001,9
6854017,1,2001,11
6854017,1,2001,12
6921057,1,2001,8
6921057,1,2001,9
6921057,1,2001,11
6927184,1,2001,7
6927184,1,2001,8
6927184,1,2001,9
6927184,1,2001,11
6927184,1,2001,12
7286513,1,2001,3
7286513,1,2001,8
7286513,1,2001,9
7286513,1,2001,11
7286513,1,2001,12
7432689,1,2001,2
7432689,1,2001,6
7432689,1,2001,11
7432689,1,2001,12
7530162,1,2001,8
7530162,1,2001,11
7530162,1,2001,12
7839450,1,2001,6
7839450,1,2001,8
7839450,1,2001,9
7839450,1,2001,11
7840231,1,2001,4
7840231,1,2001,6
7840231,1,2001,11
7840231,1,2001,12
7850346,1,2001,3
7850346,1,2001,4
7850346,1,2001,6
7850346,1,2001,7
7850346,1,2001,9
7850346,1,2001,11
7951463,1,2001,5
7951463,1,2001,6
7951463,1,2001,7
7951463,1,2001,9
7951463,1,2001,11
8045912,1,2001,9
8045912,1,2001,11
8045912,1,2001,12
8054196,1,2001,8
8054196,1,2001,11
8054196,1,2001,12
8270546,1,2001,2
8270546,1,2001,4
8270546,1,2001,6
8270546,1,2001,8
8270546,1,2001,11
8436925,1,2001,6
8436925,1,2001,8
8436925,1,2001,11
8436925,1,2001,12
8437591,1,2001,4
8437591,1,2001,5
8437591,1,2001,8
8437591,1,2001,11
8524960,1,2001,4
8524960,1,2001,6
8524960,1,2001,7
8524960,1,2001,8
8524960,1,2001,9
8524960,1,2001,11
8524960,1,2001,12
8531492,1,2001,7
8531492,1,2001,9
8531492,1,2001,11
8531492,1,2001,12
8542610,1,2001,6
8542610,1,2001,8
8542610,1,2001,9
8542610,1,2001,11
8543167,1,2001,8
8543167,1,2001,9
8543167,1,2001,11
8543167,1,2001,12
8625304,1,2001,2
8625304,1,2001,3
8625304,1,2001,4
8625304,1,2001,5
8625304,1,2001,6
8625304,1,2001,7
8625304,1,2001,8
8625304,1,2001,9
8625304,1,2001,11
8625304,1,2001,12
9578624,1,2001,6
9578624,1,2001,7
9578624,1,2001,8
9578624,1,2001,9
9578624,1,2001,11
9578624,1,2001,12
9867231,1,2001,8
9867231,1,2001,11
9867231,1,2001,12
432795,1,2001,2
432795,1,2001,4
432795,1,2001,6
432795,1,2001,8
432795,1,2001,12
471896,1,2001,2
471896,1,2001,8
471896,1,2001,12
647893,1,2001,2
647893,1,2001,6
647893,1,2001,8
647893,1,2001,12
829516,1,2001,5
829516,1,2001,6
829516,1,2001,7
829516,1,2001,8
829516,1,2001,9
829516,1,2001,12
924657,1,2001,3
924657,1,2001,7
924657,1,2001,8
924657,1,2001,9
924657,1,2001,12
2689140,1,2001,2
2689140,1,2001,3
2689140,1,2001,12
2698317,1,2001,5
2698317,1,2001,8
2698317,1,2001,9
2698317,1,2001,12
2746091,1,2001,7
2746091,1,2001,9
2746091,1,2001,12
2906354,1,2001,5
2906354,1,2001,7
2906354,1,2001,12
3615089,1,2001,3
3615089,1,2001,5
3615089,1,2001,6
3615089,1,2001,12
3715420,1,2001,7
3715420,1,2001,8
3715420,1,2001,9
3715420,1,2001,12
5017936,1,2001,6
5017936,1,2001,7
5017936,1,2001,12
6183290,1,2001,6
6183290,1,2001,7
6183290,1,2001,8
6183290,1,2001,9
6183290,1,2001,12
6207415,1,2001,4
6207415,1,2001,5
6207415,1,2001,9
6207415,1,2001,12
6314580,1,2001,6
6314580,1,2001,7
6314580,1,2001,9
6314580,1,2001,12
6902358,1,2001,8
6902358,1,2001,9
6902358,1,2001,12
6907253,1,2001,4
6907253,1,2001,5
6907253,1,2001,6
6907253,1,2001,12
7048236,1,2001,7
7048236,1,2001,8
7048236,1,2001,12
7506493,1,2001,4
7506493,1,2001,6
7506493,1,2001,8
7506493,1,2001,12
7539680,1,2001,3
7539680,1,2001,5
7539680,1,2001,6
7539680,1,2001,7
7539680,1,2001,12
7692518,1,2001,5
7692518,1,2001,6
7692518,1,2001,7
7692518,1,2001,8
7692518,1,2001,9
7692518,1,2001,12
7918035,1,2001,2
7918035,1,2001,3
7918035,1,2001,4
7918035,1,2001,5
7918035,1,2001,6
7918035,1,2001,8
7918035,1,2001,12
7965208,1,2001,7
7965208,1,2001,9
7965208,1,2001,12
8261057,1,2001,2
8261057,1,2001,3
8261057,1,2001,4
8261057,1,2001,5
8261057,1,2001,6
8261057,1,2001,7
8261057,1,2001,8
8261057,1,2001,12
8342015,1,2001,6
8342015,1,2001,8
8342015,1,2001,12
8406251,1,2001,3
8406251,1,2001,4
8406251,1,2001,6
8406251,1,2001,12
8621739,1,2001,5
8621739,1,2001,7
8621739,1,2001,8
8621739,1,2001,9
8621739,1,2001,12
9084257,1,2001,2
9084257,1,2001,3
9084257,1,2001,4
9084257,1,2001,6
9084257,1,2001,8
9084257,1,2001,9
9084257,1,2001,12
9356210,1,2001,4
9356210,1,2001,5
9356210,1,2001,12
294736,1,2001,2
294736,1,2001,5
294736,1,2001,6
294736,1,2001,8
294736,1,2001,9
726415,1,2001,2
726415,1,2001,3
726415,1,2001,4
726415,1,2001,8
726415,1,2001,9
1374502,1,2001,2
1374502,1,2001,3
1374502,1,2001,7
1374502,1,2001,8
1375486,1,2001,2
1375486,1,2001,3
1375486,1,2001,4
1375486,1,2001,5
1685407,1,2001,2
1685407,1,2001,3
1685407,1,2001,6
1685407,1,2001,7
1685407,1,2001,8
2547891,1,2001,2
2547891,1,2001,5
2547891,1,2001,7
2604387,1,2001,2
2604387,1,2001,3
2604387,1,2001,5
2604387,1,2001,9
2645078,1,2001,2
2645078,1,2001,3
2645078,1,2001,7
2645078,1,2001,8
3540286,1,2001,2
3540286,1,2001,3
3540286,1,2001,9
3812569,1,2001,2
3812569,1,2001,3
3812569,1,2001,4
3862159,1,2001,2
3862159,1,2001,3
3862159,1,2001,4
3862159,1,2001,6
3862159,1,2001,8
3862159,1,2001,9
4290158,1,2001,2
4290158,1,2001,3
4290158,1,2001,4
4290158,1,2001,5
4290158,1,2001,8
4290158,1,2001,9
4823150,1,2001,2
4823150,1,2001,5
4823150,1,2001,6
4823150,1,2001,7
4823150,1,2001,8
5312980,1,2001,2
5312980,1,2001,3
5312980,1,2001,5
5312980,1,2001,6
6128503,1,2001,2
6128503,1,2001,6
6128503,1,2001,7
6128503,1,2001,8
6247095,1,2001,2
6247095,1,2001,3
6247095,1,2001,4
6247095,1,2001,6
6247095,1,2001,7
6247095,1,2001,8
6247095,1,2001,9
6890431,1,2001,2
6890431,1,2001,8
6890431,1,2001,9
7235408,1,2001,2
7235408,1,2001,3
7235408,1,2001,4
7235408,1,2001,5
7235408,1,2001,6
7235408,1,2001,7
7235461,1,2001,2
7235461,1,2001,4
7235461,1,2001,5
7235461,1,2001,7
7235461,1,2001,8
7802413,1,2001,2
7802413,1,2001,4
7802413,1,2001,5
7802413,1,2001,8
9804621,1,2001,2
9804621,1,2001,3
9804621,1,2001,4
475921,1,2001,3
475921,1,2001,4
475921,1,2001,7
475921,1,2001,9
1859403,1,2001,3
1859403,1,2001,5
1859403,1,2001,8
2635780,1,2001,3
2635780,1,2001,5
2635780,1,2001,6
2635780,1,2001,7
2635780,1,2001,8
2635780,1,2001,9
3987625,1,2001,3
3987625,1,2001,5
3987625,1,2001,6
3987625,1,2001,7
3987625,1,2001,8
3987625,1,2001,9
4693812,1,2001,3
4693812,1,2001,7
4693812,1,2001,8
4761052,1,2001,3
4761052,1,2001,7
4761052,1,2001,8
5037986,1,2001,3
5037986,1,2001,4
5037986,1,2001,5
5037986,1,2001,7
5037986,1,2001,8
6538729,1,2001,3
6538729,1,2001,4
6538729,1,2001,5
6538729,1,2001,6
6549278,1,2001,3
6549278,1,2001,4
6549278,1,2001,6
7018692,1,2001,3
7018692,1,2001,6
7018692,1,2001,7
7018692,1,2001,8
7032519,1,2001,3
7032519,1,2001,4
7032519,1,2001,5
7032519,1,2001,6
7631849,1,2001,3
7631849,1,2001,4
7631849,1,2001,5
7631849,1,2001,6
7642195,1,2001,3
7642195,1,2001,6
7642195,1,2001,9
1092375,1,2001,4
1092375,1,2001,5
1092375,1,2001,6
1092375,1,2001,7
1378504,1,2001,4
1378504,1,2001,5
1378504,1,2001,6
1378504,1,2001,7
1378504,1,2001,8
3025869,1,2001,4
3025869,1,2001,5
3025869,1,2001,7
3025869,1,2001,9
3691407,1,2001,4
3691407,1,2001,5
3691407,1,2001,6
3897164,1,2001,4
3897164,1,2001,5
3897164,1,2001,6
3897164,1,2001,7
3897164,1,2001,8
3897164,1,2001,9
4751639,1,2001,4
4751639,1,2001,5
4751639,1,2001,6
5021436,1,2001,4
5021436,1,2001,5
5021436,1,2001,9
5173024,1,2001,4
5173024,1,2001,5
5173024,1,2001,7
5173024,1,2001,8
5173024,1,2001,9
6345071,1,2001,4
6345071,1,2001,6
6345071,1,2001,7
6382470,1,2001,4
6382470,1,2001,5
6382470,1,2001,6
6714082,1,2001,4
6714082,1,2001,6
6714082,1,2001,7
7058619,1,2001,4
7058619,1,2001,6
7058619,1,2001,7
7058619,1,2001,8
7058619,1,2001,9
7102964,1,2001,4
7102964,1,2001,6
7102964,1,2001,9
8345026,1,2001,4
8345026,1,2001,5
8345026,1,2001,6
8506417,1,2001,4
8506417,1,2001,8
8506417,1,2001,9
917563,1,2001,5
917563,1,2001,6
917563,1,2001,7
917563,1,2001,8
917563,1,2001,9
2856471,1,2001,5
2856471,1,2001,6
2856471,1,2001,8
3592681,1,2001,5
3592681,1,2001,6
3592681,1,2001,7
4053721,1,2001,5
4053721,1,2001,6
4053721,1,2001,8
8214769,1,2001,5
8214769,1,2001,6
8214769,1,2001,7
8214769,1,2001,9
8257164,1,2001,5
8257164,1,2001,6
8257164,1,2001,8
8271035,1,2001,5
8271035,1,2001,7
8271035,1,2001,8
8460239,1,2001,5
8460239,1,2001,6
8460239,1,2001,7
8460239,1,2001,8
8460239,1,2001,9
1402567,1,2001,6
1402567,1,2001,7
1402567,1,2001,8
1407258,1,2001,6
1407258,1,2001,8
1407258,1,2001,9
2364159,1,2001,6
2364159,1,2001,7
2364159,1,2001,8
2701853,1,2001,6
2701853,1,2001,7
2701853,1,2001,9
2847091,1,2001,6
2847091,1,2001,7
2847091,1,2001,9
3086741,1,2001,6
3086741,1,2001,7
3086741,1,2001,8
4987230,1,2001,6
4987230,1,2001,7
4987230,1,2001,9
5196802,1,2001,6
5196802,1,2001,7
5196802,1,2001,8
5196802,1,2001,9
7495230,1,2001,6
7495230,1,2001,7
7495230,1,2001,8
1785409,1,2001,7
1785409,1,2001,8
1785409,1,2001,9
4832067,1,2001,7
4832067,1,2001,8
4832067,1,2001,9
8037126,1,2001,7
8037126,1,2001,8
8037126,1,2001,9